 frequency       y11             y11             y21             y21            
 1.00000000e+01  2.77555756e-17  1.59195449e-09 -7.41398573e-01  1.06358710e-08 
 1.02329299e+01  2.77555756e-17  1.62903588e-09 -7.41398573e-01  1.08836123e-08 
 1.04712855e+01  2.77555756e-17  1.66698100e-09 -7.41398573e-01  1.11371242e-08 
 1.07151931e+01  2.77555756e-17  1.70580997e-09 -7.41398573e-01  1.13965411e-08 
 1.09647820e+01  2.77555756e-17  1.74554339e-09 -7.41398573e-01  1.16620007e-08 
 1.12201845e+01  2.77555756e-17  1.78620232e-09 -7.41398573e-01  1.19336436e-08 
 1.14815362e+01  2.77555756e-17  1.82780831e-09 -7.41398573e-01  1.22116138e-08 
 1.17489755e+01  4.16333634e-17  1.87038344e-09 -7.41398573e-01  1.24960589e-08 
 1.20226443e+01  4.16333634e-17  1.91395027e-09 -7.41398573e-01  1.27871295e-08 
 1.23026877e+01  4.16333634e-17  1.95853190e-09 -7.41398573e-01  1.30849800e-08 
 1.25892541e+01  4.16333634e-17  2.00415196e-09 -7.41398573e-01  1.33897683e-08 
 1.28824955e+01  4.16333634e-17  2.05083466e-09 -7.41398573e-01  1.37016561e-08 
 1.31825674e+01  4.16333634e-17  2.09860474e-09 -7.41398573e-01  1.40208086e-08 
 1.34896288e+01  4.16333634e-17  2.14748752e-09 -7.41398573e-01  1.43473952e-08 
 1.38038426e+01  4.16333634e-17  2.19750893e-09 -7.41398573e-01  1.46815890e-08 
 1.41253754e+01  4.16333634e-17  2.24869549e-09 -7.41398573e-01  1.50235671e-08 
 1.44543977e+01  4.16333634e-17  2.30107434e-09 -7.41398573e-01  1.53735110e-08 
 1.47910839e+01  4.16333634e-17  2.35467324e-09 -7.41398573e-01  1.57316060e-08 
 1.51356125e+01  4.16333634e-17  2.40952063e-09 -7.41398573e-01  1.60980422e-08 
 1.54881662e+01  4.16333634e-17  2.46564557e-09 -7.41398573e-01  1.64730138e-08 
 1.58489319e+01  6.93889390e-17  2.52307784e-09 -7.41398573e-01  1.68567196e-08 
 1.62181010e+01  6.93889390e-17  2.58184787e-09 -7.41398573e-01  1.72493630e-08 
 1.65958691e+01  6.93889390e-17  2.64198683e-09 -7.41398573e-01  1.76511523e-08 
 1.69824365e+01  6.93889390e-17  2.70352661e-09 -7.41398573e-01  1.80623004e-08 
 1.73780083e+01  8.32667268e-17  2.76649984e-09 -7.41398573e-01  1.84830255e-08 
 1.77827941e+01  8.32667268e-17  2.83093989e-09 -7.41398573e-01  1.89135504e-08 
 1.81970086e+01  8.32667268e-17  2.89688096e-09 -7.41398573e-01  1.93541036e-08 
 1.86208714e+01  8.32667268e-17  2.96435798e-09 -7.41398573e-01  1.98049186e-08 
 1.90546072e+01  9.71445147e-17  3.03340675e-09 -7.41398573e-01  2.02662344e-08 
 1.94984460e+01  9.71445147e-17  3.10406387e-09 -7.41398573e-01  2.07382957e-08 
 1.99526231e+01  9.71445147e-17  3.17636680e-09 -7.41398573e-01  2.12213526e-08 
 2.04173794e+01  1.24900090e-16  3.25035389e-09 -7.41398573e-01  2.17156614e-08 
 2.08929613e+01  1.24900090e-16  3.32606436e-09 -7.41398573e-01  2.22214842e-08 
 2.13796209e+01  1.24900090e-16  3.40353835e-09 -7.41398573e-01  2.27390890e-08 
 2.18776162e+01  1.24900090e-16  3.48281694e-09 -7.41398573e-01  2.32687505e-08 
 2.23872114e+01  1.24900090e-16  3.56394217e-09 -7.41398573e-01  2.38107493e-08 
 2.29086765e+01  1.38777878e-16  3.64695705e-09 -7.41398573e-01  2.43653729e-08 
 2.34422882e+01  1.38777878e-16  3.73190559e-09 -7.41398573e-01  2.49329153e-08 
 2.39883292e+01  1.52655666e-16  3.81883284e-09 -7.41398573e-01  2.55136775e-08 
 2.45470892e+01  1.52655666e-16  3.90778488e-09 -7.41398573e-01  2.61079674e-08 
 2.51188643e+01  1.80411242e-16  3.99880889e-09 -7.41398573e-01  2.67161001e-08 
 2.57039578e+01  1.80411242e-16  4.09195311e-09 -7.41398573e-01  2.73383980e-08 
 2.63026799e+01  1.80411242e-16  4.18726694e-09 -7.41398573e-01  2.79751911e-08 
 2.69153480e+01  1.80411242e-16  4.28480092e-09 -7.41398573e-01  2.86268170e-08 
 2.75422870e+01  1.94289029e-16  4.38460676e-09 -7.41398573e-01  2.92936212e-08 
 2.81838293e+01  2.08166817e-16  4.48673737e-09 -7.41398573e-01  2.99759573e-08 
 2.88403150e+01  2.08166817e-16  4.59124691e-09 -7.41398573e-01  3.06741871e-08 
 2.95120923e+01  2.22044605e-16  4.69819078e-09 -7.41398573e-01  3.13886807e-08 
 3.01995172e+01  2.49800181e-16  4.80762571e-09 -7.41398573e-01  3.21198170e-08 
 3.09029543e+01  2.49800181e-16  4.91960969e-09 -7.41398573e-01  3.28679836e-08 
 3.16227766e+01  2.49800181e-16  5.03420213e-09 -7.41398573e-01  3.36335773e-08 
 3.23593657e+01  2.63677968e-16  5.15146376e-09 -7.41398573e-01  3.44170040e-08 
 3.31131121e+01  2.77555756e-16  5.27145676e-09 -7.41398573e-01  3.52186790e-08 
 3.38844156e+01  3.05311332e-16  5.39424476e-09 -7.41398573e-01  3.60390274e-08 
 3.46736850e+01  3.05311332e-16  5.51989287e-09 -7.41398573e-01  3.68784842e-08 
 3.54813389e+01  3.05311332e-16  5.64846769e-09 -7.41398573e-01  3.77374944e-08 
 3.63078055e+01  3.33066907e-16  5.78003740e-09 -7.41398573e-01  3.86165136e-08 
 3.71535229e+01  3.60822483e-16  5.91467177e-09 -7.41398573e-01  3.95160078e-08 
 3.80189396e+01  3.60822483e-16  6.05244217e-09 -7.41398573e-01  4.04364538e-08 
 3.89045145e+01  3.88578059e-16  6.19342166e-09 -7.41398573e-01  4.13783398e-08 
 3.98107171e+01  4.02455846e-16  6.33768498e-09 -7.41398573e-01  4.23421652e-08 
 4.07380278e+01  4.16333634e-16  6.48530863e-09 -7.41398573e-01  4.33284409e-08 
 4.16869383e+01  4.44089210e-16  6.63637087e-09 -7.41398573e-01  4.43376899e-08 
 4.26579519e+01  4.57966998e-16  6.79095181e-09 -7.41398573e-01  4.53704474e-08 
 4.36515832e+01  4.85722573e-16  6.94913340e-09 -7.41398573e-01  4.64272609e-08 
 4.46683592e+01  4.85722573e-16  7.11099951e-09 -7.41398573e-01  4.75086907e-08 
 4.57088190e+01  5.27355937e-16  7.27663597e-09 -7.41398573e-01  4.86153103e-08 
 4.67735141e+01  5.68989300e-16  7.44613059e-09 -7.41398573e-01  4.97477063e-08 
 4.78630092e+01  5.82867088e-16  7.61957325e-09 -7.41398573e-01  5.09064793e-08 
 4.89778819e+01  6.24500451e-16  7.79705591e-09 -7.41398573e-01  5.20922435e-08 
 5.01187234e+01  6.38378239e-16  7.97867268e-09 -7.41398573e-01  5.33056277e-08 
 5.12861384e+01  6.93889390e-16  8.16451984e-09 -7.41398573e-01  5.45472753e-08 
 5.24807460e+01  7.07767178e-16  8.35469594e-09 -7.41398573e-01  5.58178446e-08 
 5.37031796e+01  7.49400542e-16  8.54930180e-09 -7.41398573e-01  5.71180092e-08 
 5.49540874e+01  7.77156117e-16  8.74844063e-09 -7.41398573e-01  5.84484585e-08 
 5.62341325e+01  8.04911693e-16  8.95221799e-09 -7.41398573e-01  5.98098980e-08 
 5.75439937e+01  8.46545056e-16  9.16074193e-09 -7.41398573e-01  6.12030495e-08 
 5.88843655e+01  8.88178420e-16  9.37412302e-09 -7.41398573e-01  6.26286517e-08 
 6.02559586e+01  9.29811783e-16  9.59247440e-09 -7.41398573e-01  6.40874604e-08 
 6.16595002e+01  9.71445147e-16  9.81591183e-09 -7.41398573e-01  6.55802491e-08 
 6.30957344e+01  1.02695630e-15  1.00445538e-08 -7.41398573e-01  6.71078093e-08 
 6.45654229e+01  1.06858966e-15  1.02785215e-08 -7.41398573e-01  6.86709510e-08 
 6.60693448e+01  1.13797860e-15  1.05179390e-08 -7.41398573e-01  7.02705030e-08 
 6.76082975e+01  1.16573418e-15  1.07629333e-08 -7.41398573e-01  7.19073132e-08 
 6.91830971e+01  1.22124533e-15  1.10136342e-08 -7.41398573e-01  7.35822497e-08 
 7.07945784e+01  1.29063427e-15  1.12701747e-08 -7.41398573e-01  7.52962005e-08 
 7.24435960e+01  1.34614542e-15  1.15326908e-08 -7.41398573e-01  7.70500743e-08 
 7.41310241e+01  1.40165657e-15  1.18013217e-08 -7.41398573e-01  7.88448011e-08 
 7.58577575e+01  1.47104551e-15  1.20762098e-08 -7.41398573e-01  8.06813325e-08 
 7.76247117e+01  1.54043445e-15  1.23575008e-08 -7.41398573e-01  8.25606421e-08 
 7.94328235e+01  1.60982339e-15  1.26453440e-08 -7.41398573e-01  8.44837265e-08 
 8.12830516e+01  1.69309011e-15  1.29398919e-08 -7.41398573e-01  8.64516053e-08 
 8.31763771e+01  1.77635684e-15  1.32413007e-08 -7.41398573e-01  8.84653219e-08 
 8.51138038e+01  1.84574578e-15  1.35497302e-08 -7.41398573e-01  9.05259439e-08 
 8.70963590e+01  1.95676808e-15  1.38653440e-08 -7.41398573e-01  9.26345640e-08 
 8.91250938e+01  2.04003481e-15  1.41883093e-08 -7.41398573e-01  9.47923002e-08 
 9.12010839e+01  2.13717932e-15  1.45187975e-08 -7.41398573e-01  9.70002965e-08 
 9.33254301e+01  2.23432384e-15  1.48569838e-08 -7.41398573e-01  9.92597237e-08 
 9.54992586e+01  2.34534614e-15  1.52030474e-08 -7.41398573e-01  1.01571780e-07 
 9.77237221e+01  2.44249065e-15  1.55571718e-08 -7.41398573e-01  1.03937690e-07 
 1.00000000e+02  2.58126853e-15  1.59195449e-08 -7.41398573e-01  1.06358710e-07 
 1.02329299e+02  2.67841305e-15  1.62903588e-08 -7.41398573e-01  1.08836123e-07 
 1.04712855e+02  2.80331314e-15  1.66698100e-08 -7.41398573e-01  1.11371242e-07 
 1.07151931e+02  2.94209102e-15  1.70580997e-08 -7.41398573e-01  1.13965411e-07 
 1.09647820e+02  3.08086889e-15  1.74554339e-08 -7.41398573e-01  1.16620007e-07 
 1.12201845e+02  3.23352456e-15  1.78620232e-08 -7.41398573e-01  1.19336436e-07 
 1.14815362e+02  3.38618023e-15  1.82780831e-08 -7.41398573e-01  1.22116138e-07 
 1.17489755e+02  3.55271368e-15  1.87038344e-08 -7.41398573e-01  1.24960589e-07 
 1.20226443e+02  3.70536934e-15  1.91395027e-08 -7.41398573e-01  1.27871295e-07 
 1.23026877e+02  3.85802501e-15  1.95853190e-08 -7.41398573e-01  1.30849800e-07 
 1.25892541e+02  4.03843625e-15  2.00415196e-08 -7.41398573e-01  1.33897683e-07 
 1.28824955e+02  4.24660307e-15  2.05083466e-08 -7.41398573e-01  1.37016561e-07 
 1.31825674e+02  4.44089210e-15  2.09860474e-08 -7.41398573e-01  1.40208086e-07 
 1.34896288e+02  4.66293670e-15  2.14748752e-08 -7.41398573e-01  1.43473952e-07 
 1.38038426e+02  4.88498131e-15  2.19750893e-08 -7.41398573e-01  1.46815890e-07 
 1.41253754e+02  5.10702591e-15  2.24869549e-08 -7.41398573e-01  1.50235671e-07 
 1.44543977e+02  5.35682609e-15  2.30107434e-08 -7.41398573e-01  1.53735110e-07 
 1.47910839e+02  5.60662627e-15  2.35467324e-08 -7.41398573e-01  1.57316060e-07 
 1.51356125e+02  5.85642645e-15  2.40952063e-08 -7.41398573e-01  1.60980422e-07 
 1.54881662e+02  6.13398221e-15  2.46564557e-08 -7.41398573e-01  1.64730138e-07 
 1.58489319e+02  6.43929354e-15  2.52307784e-08 -7.41398573e-01  1.68567196e-07 
 1.62181010e+02  6.73072709e-15  2.58184787e-08 -7.41398573e-01  1.72493630e-07 
 1.65958691e+02  7.04991621e-15  2.64198683e-08 -7.41398573e-01  1.76511523e-07 
 1.69824365e+02  7.41073869e-15  2.70352661e-08 -7.41398573e-01  1.80623004e-07 
 1.73780083e+02  7.72992781e-15  2.76649984e-08 -7.41398573e-01  1.84830255e-07 
 1.77827941e+02  8.09075029e-15  2.83093989e-08 -7.41398573e-01  1.89135504e-07 
 1.81970086e+02  8.47932835e-15  2.89688096e-08 -7.41398573e-01  1.93541036e-07 
 1.86208714e+02  8.88178420e-15  2.96435798e-08 -7.41398573e-01  1.98049186e-07 
 1.90546072e+02  9.29811783e-15  3.03340675e-08 -7.41398573e-01  2.02662344e-07 
 1.94984460e+02  9.72832925e-15  3.10406387e-08 -7.41398573e-01  2.07382957e-07 
 1.99526231e+02  1.02140518e-14  3.17636680e-08 -7.41398573e-01  2.12213526e-07 
 2.04173794e+02  1.06720188e-14  3.25035389e-08 -7.41398573e-01  2.17156614e-07 
 2.08929613e+02  1.11716192e-14  3.32606436e-08 -7.41398573e-01  2.22214842e-07 
 2.13796209e+02  1.17267307e-14  3.40353835e-08 -7.41398573e-01  2.27390890e-07 
 2.18776162e+02  1.22540866e-14  3.48281694e-08 -7.41398573e-01  2.32687505e-07 
 2.23872114e+02  1.28369537e-14  3.56394217e-08 -7.41398573e-01  2.38107493e-07 
 2.29086765e+02  1.34475764e-14  3.64695705e-08 -7.41398573e-01  2.43653729e-07 
 2.34422882e+02  1.40720768e-14  3.73190559e-08 -7.41398573e-01  2.49329153e-07 
 2.39883292e+02  1.47382107e-14  3.81883284e-08 -7.41398573e-01  2.55136775e-07 
 2.45470892e+02  1.54321000e-14  3.90778488e-08 -7.41398573e-01  2.61079674e-07 
 2.51188643e+02  1.61676228e-14  3.99880889e-08 -7.41398573e-01  2.67161001e-07 
 2.57039578e+02  1.69170233e-14  4.09195311e-08 -7.41398573e-01  2.73383980e-07 
 2.63026799e+02  1.77080572e-14  4.18726694e-08 -7.41398573e-01  2.79751911e-07 
 2.69153480e+02  1.85684801e-14  4.28480092e-08 -7.41398573e-01  2.86268170e-07 
 2.75422870e+02  1.94289029e-14  4.38460676e-08 -7.41398573e-01  2.92936212e-07 
 2.81838293e+02  2.03448369e-14  4.48673737e-08 -7.41398573e-01  2.99759573e-07 
 2.88403150e+02  2.13162821e-14  4.59124691e-08 -7.41398573e-01  3.06741871e-07 
 2.95120923e+02  2.23293606e-14  4.69819078e-08 -7.41398573e-01  3.13886807e-07 
 3.01995172e+02  2.33563169e-14  4.80762571e-08 -7.41398573e-01  3.21198170e-07 
 3.09029543e+02  2.44665399e-14  4.91960969e-08 -7.41398573e-01  3.28679836e-07 
 3.16227766e+02  2.56183963e-14  5.03420213e-08 -7.41398573e-01  3.36335773e-07 
 3.23593657e+02  2.68257638e-14  5.15146376e-08 -7.41398573e-01  3.44170040e-07 
 3.31131121e+02  2.80747647e-14  5.27145676e-08 -7.41398573e-01  3.52186790e-07 
 3.38844156e+02  2.94070324e-14  5.39424476e-08 -7.41398573e-01  3.60390274e-07 
 3.46736850e+02  3.07948111e-14  5.51989287e-08 -7.41398573e-01  3.68784842e-07 
 3.54813389e+02  3.22519789e-14  5.64846769e-08 -7.41398573e-01  3.77374944e-07 
 3.63078055e+02  3.37646577e-14  5.78003740e-08 -7.41398573e-01  3.86165136e-07 
 3.71535229e+02  3.53606033e-14  5.91467177e-08 -7.41398573e-01  3.95160078e-07 
 3.80189396e+02  3.70398157e-14  6.05244217e-08 -7.41398573e-01  4.04364538e-07 
 3.89045145e+02  3.87606613e-14  6.19342166e-08 -7.41398573e-01  4.13783398e-07 
 3.98107171e+02  4.05925293e-14  6.33768498e-08 -7.41398573e-01  4.23421652e-07 
 4.07380278e+02  4.24937863e-14  6.48530863e-08 -7.41398573e-01  4.33284409e-07 
 4.16869383e+02  4.45338211e-14  6.63637087e-08 -7.41398573e-01  4.43376899e-07 
 4.26579519e+02  4.66016115e-14  6.79095181e-08 -7.41398573e-01  4.53704474e-07 
 4.36515832e+02  4.88081797e-14  6.94913340e-08 -7.41398573e-01  4.64272609e-07 
 4.46683592e+02  5.11118925e-14  7.11099951e-08 -7.41398573e-01  4.75086907e-07 
 4.57088190e+02  5.35127498e-14  7.27663597e-08 -7.41398573e-01  4.86153103e-07 
 4.67735141e+02  5.60385072e-14  7.44613059e-08 -7.41398573e-01  4.97477063e-07 
 4.78630092e+02  5.86891646e-14  7.61957325e-08 -7.41398573e-01  5.09064793e-07 
 4.89778819e+02  6.14647222e-14  7.79705591e-08 -7.41398573e-01  5.20922435e-07 
 5.01187234e+02  6.43374243e-14  7.97867268e-08 -7.41398573e-01  5.33056277e-07 
 5.12861384e+02  6.73627820e-14  8.16451984e-08 -7.41398573e-01  5.45472753e-07 
 5.24807460e+02  7.05546732e-14  8.35469594e-08 -7.41398573e-01  5.58178446e-07 
 5.37031796e+02  7.38714645e-14  8.54930180e-08 -7.41398573e-01  5.71180092e-07 
 5.49540874e+02  7.73547892e-14  8.74844063e-08 -7.41398573e-01  5.84484585e-07 
 5.62341325e+02  8.10046474e-14  8.95221799e-08 -7.41398573e-01  5.98098980e-07 
 5.75439937e+02  8.48210391e-14  9.16074193e-08 -7.41398573e-01  6.12030495e-07 
 5.88843655e+02  8.88178420e-14  9.37412302e-08 -7.41398573e-01  6.26286517e-07 
 6.02559586e+02  9.29950561e-14  9.59247440e-08 -7.41398573e-01  6.40874604e-07 
 6.16595002e+02  9.73804370e-14  9.81591183e-08 -7.41398573e-01  6.55802491e-07 
 6.30957344e+02  1.01973985e-13  1.00445538e-07 -7.41398573e-01  6.71078093e-07 
 6.45654229e+02  1.06775699e-13  1.02785215e-07 -7.41398573e-01  6.86709510e-07 
 6.60693448e+02  1.11827214e-13  1.05179390e-07 -7.41398573e-01  7.02705030e-07 
 6.76082975e+02  1.17073018e-13  1.07629333e-07 -7.41398573e-01  7.19073132e-07 
 6.91830971e+02  1.22596377e-13  1.10136342e-07 -7.41398573e-01  7.35822497e-07 
 7.07945784e+02  1.28383415e-13  1.12701747e-07 -7.41398573e-01  7.52962005e-07 
 7.24435960e+02  1.34420253e-13  1.15326908e-07 -7.41398573e-01  7.70500743e-07 
 7.41310241e+02  1.40776280e-13  1.18013217e-07 -7.41398573e-01  7.88448011e-07 
 7.58577575e+02  1.47395984e-13  1.20762098e-07 -7.41398573e-01  8.06813325e-07 
 7.76247117e+02  1.54348756e-13  1.23575008e-07 -7.41398573e-01  8.25606421e-07 
 7.94328235e+02  1.61606839e-13  1.26453440e-07 -7.41398573e-01  8.44837265e-07 
 8.12830516e+02  1.69225745e-13  1.29398919e-07 -7.41398573e-01  8.64516053e-07 
 8.31763771e+02  1.77205473e-13  1.32413007e-07 -7.41398573e-01  8.84653219e-07 
 8.51138038e+02  1.85546023e-13  1.35497302e-07 -7.41398573e-01  9.05259439e-07 
 8.70963590e+02  1.94316785e-13  1.38653440e-07 -7.41398573e-01  9.26345640e-07 
 8.91250938e+02  2.03462247e-13  1.41883093e-07 -7.41398573e-01  9.47923002e-07 
 9.12010839e+02  2.13024043e-13  1.45187975e-07 -7.41398573e-01  9.70002965e-07 
 9.33254301e+02  2.23085439e-13  1.48569838e-07 -7.41398573e-01  9.92597237e-07 
 9.54992586e+02  2.33604802e-13  1.52030474e-07 -7.41398573e-01  1.01571780e-06 
 9.77237221e+02  2.44609888e-13  1.55571718e-07 -7.41398573e-01  1.03937690e-06 
 1.00000000e+03  2.56156207e-13  1.59195449e-07 -7.41398573e-01  1.06358710e-06 
 1.02329299e+03  2.68202127e-13  1.62903588e-07 -7.41398573e-01  1.08836123e-06 
 1.04712855e+03  2.80844792e-13  1.66698100e-07 -7.41398573e-01  1.11371242e-06 
 1.07151931e+03  2.94084201e-13  1.70580997e-07 -7.41398573e-01  1.13965411e-06 
 1.09647820e+03  3.07934234e-13  1.74554339e-07 -7.41398573e-01  1.16620007e-06 
 1.12201845e+03  3.22450400e-13  1.78620232e-07 -7.41398573e-01  1.19336436e-06 
 1.14815362e+03  3.37660455e-13  1.82780831e-07 -7.41398573e-01  1.22116138e-06 
 1.17489755e+03  3.53564400e-13  1.87038344e-07 -7.41398573e-01  1.24960589e-06 
 1.20226443e+03  3.70231623e-13  1.91395027e-07 -7.41398573e-01  1.27871295e-06 
 1.23026877e+03  3.87689880e-13  1.95853190e-07 -7.41398573e-01  1.30849800e-06 
 1.25892541e+03  4.05939171e-13  2.00415196e-07 -7.41398573e-01  1.33897683e-06 
 1.28824955e+03  4.25076641e-13  2.05083466e-07 -7.41398573e-01  1.37016561e-06 
 1.31825674e+03  4.45102288e-13  2.09860474e-07 -7.41398573e-01  1.40208086e-06 
 1.34896288e+03  4.66099381e-13  2.14748752e-07 -7.41398573e-01  1.43473952e-06 
 1.38038426e+03  4.88054042e-13  2.19750893e-07 -7.41398573e-01  1.46815890e-06 
 1.41253754e+03  5.11063414e-13  2.24869549e-07 -7.41398573e-01  1.50235671e-06 
 1.44543977e+03  5.35141376e-13  2.30107434e-07 -7.41398573e-01  1.53735110e-06 
 1.47910839e+03  5.60357316e-13  2.35467324e-07 -7.41398573e-01  1.57316060e-06 
 1.51356125e+03  5.86766746e-13  2.40952063e-07 -7.41398573e-01  1.60980422e-06 
 1.54881662e+03  6.14425177e-13  2.46564557e-07 -7.41398573e-01  1.64730138e-06 
 1.58489319e+03  6.43374243e-13  2.52307784e-07 -7.41398573e-01  1.68567196e-06 
 1.62181010e+03  6.73697209e-13  2.58184787e-07 -7.41398573e-01  1.72493630e-06 
 1.65958691e+03  7.05463465e-13  2.64198683e-07 -7.41398573e-01  1.76511523e-06 
 1.69824365e+03  7.38700767e-13  2.70352661e-07 -7.41398573e-01  1.80623004e-06 
 1.73780083e+03  7.73520137e-13  2.76649984e-07 -7.41398573e-01  1.84830255e-06 
 1.77827941e+03  8.09977085e-13  2.83093989e-07 -7.41398573e-01  1.89135504e-06 
 1.81970086e+03  8.48127124e-13  2.89688096e-07 -7.41398573e-01  1.93541036e-06 
 1.86208714e+03  8.88095153e-13  2.96435798e-07 -7.41398573e-01  1.98049186e-06 
 1.90546072e+03  9.29964439e-13  3.03340675e-07 -7.41398573e-01  2.02662344e-06 
 1.94984460e+03  9.73804370e-13  3.10406387e-07 -7.41398573e-01  2.07382957e-06 
 1.99526231e+03  1.01967046e-12  3.17636680e-07 -7.41398573e-01  2.12213526e-06 
 2.04173794e+03  1.06774312e-12  3.25035389e-07 -7.41398573e-01  2.17156614e-06 
 2.08929613e+03  1.11807785e-12  3.32606436e-07 -7.41398573e-01  2.22214842e-06 
 2.13796209e+03  1.17075794e-12  3.40353835e-07 -7.41398573e-01  2.27390890e-06 
 2.18776162e+03  1.22593602e-12  3.48281694e-07 -7.41398573e-01  2.32687505e-06 
 2.23872114e+03  1.28372313e-12  3.56394217e-07 -7.41398573e-01  2.38107493e-06 
 2.29086765e+03  1.34421640e-12  3.64695705e-07 -7.41398573e-01  2.43653729e-06 
 2.34422882e+03  1.40756851e-12  3.73190559e-07 -7.41398573e-01  2.49329153e-06 
 2.39883292e+03  1.47389045e-12  3.81883284e-07 -7.41398573e-01  2.55136775e-06 
 2.45470892e+03  1.54336266e-12  3.90778488e-07 -7.41398573e-01  2.61079674e-06 
 2.51188643e+03  1.61608227e-12  3.99880889e-07 -7.41398573e-01  2.67161001e-06 
 2.57039578e+03  1.69225745e-12  4.09195311e-07 -7.41398573e-01  2.73383980e-06 
 2.63026799e+03  1.77201309e-12  4.18726694e-07 -7.41398573e-01  2.79751911e-06 
 2.69153480e+03  1.85552962e-12  4.28480092e-07 -7.41398573e-01  2.86268170e-06 
 2.75422870e+03  1.94297356e-12  4.38460676e-07 -7.41398573e-01  2.92936212e-06 
 2.81838293e+03  2.03455308e-12  4.48673737e-07 -7.41398573e-01  2.99759573e-06 
 2.88403150e+03  2.13042084e-12  4.59124691e-07 -7.41398573e-01  3.06741871e-06 
 2.95120923e+03  2.23084051e-12  4.69819078e-07 -7.41398573e-01  3.13886807e-06 
 3.01995172e+03  2.33597863e-12  4.80762571e-07 -7.41398573e-01  3.21198170e-06 
 3.09029543e+03  2.44605725e-12  4.91960969e-07 -7.41398573e-01  3.28679836e-06 
 3.16227766e+03  2.56134003e-12  5.03420213e-07 -7.41398573e-01  3.36335773e-06 
 3.23593657e+03  2.68204903e-12  5.15146376e-07 -7.41398573e-01  3.44170040e-06 
 3.31131121e+03  2.80844792e-12  5.27145676e-07 -7.41398573e-01  3.52186790e-06 
 3.38844156e+03  2.94080038e-12  5.39424476e-07 -7.41398573e-01  3.60390274e-06 
 3.46736850e+03  3.07941173e-12  5.51989287e-07 -7.41398573e-01  3.68784842e-06 
 3.54813389e+03  3.22453175e-12  5.64846769e-07 -7.41398573e-01  3.77374944e-06 
 3.63078055e+03  3.37650741e-12  5.78003740e-07 -7.41398573e-01  3.86165136e-06 
 3.71535229e+03  3.53564400e-12  5.91467177e-07 -7.41398573e-01  3.95160078e-06 
 3.80189396e+03  3.70226072e-12  6.05244217e-07 -7.41398573e-01  4.04364538e-06 
 3.89045145e+03  3.87676002e-12  6.19342166e-07 -7.41398573e-01  4.13783398e-06 
 3.98107171e+03  4.05944722e-12  6.33768498e-07 -7.41398573e-01  4.23421652e-06 
 4.07380278e+03  4.25076641e-12  6.48530863e-07 -7.41398573e-01  4.33284409e-06 
 4.16869383e+03  4.45110615e-12  6.63637087e-07 -7.41398573e-01  4.43376899e-06 
 4.26579519e+03  4.66086891e-12  6.79095181e-07 -7.41398573e-01  4.53704474e-06 
 4.36515832e+03  4.88054042e-12  6.94913340e-07 -7.41398573e-01  4.64272609e-06 
 4.46683592e+03  5.11055087e-12  7.11099951e-07 -7.41398573e-01  4.75086907e-06 
 4.57088190e+03  5.35139988e-12  7.27663597e-07 -7.41398573e-01  4.86153103e-06 
 4.67735141e+03  5.60358704e-12  7.44613059e-07 -7.41398573e-01  4.97477063e-06 
 4.78630092e+03  5.86766746e-12  7.61957325e-07 -7.41398573e-01  5.09064793e-06 
 4.89778819e+03  6.14422402e-12  7.79705591e-07 -7.41398573e-01  5.20922435e-06 
 5.01187234e+03  6.43379794e-12  7.97867268e-07 -7.41398573e-01  5.33056277e-06 
 5.12861384e+03  6.73701372e-12  8.16451984e-07 -7.41398573e-01  5.45472753e-06 
 5.24807460e+03  7.05450975e-12  8.35469594e-07 -7.41398573e-01  5.58178446e-06 
 5.37031796e+03  7.38697992e-12  8.54930180e-07 -7.41398573e-01  5.71180092e-06 
 5.49540874e+03  7.73511810e-12  8.74844062e-07 -7.41398573e-01  5.84484585e-06 
 5.62341325e+03  8.09965983e-12  8.95221798e-07 -7.41398573e-01  5.98098980e-06 
 5.75439937e+03  8.48139614e-12  9.16074193e-07 -7.41398573e-01  6.12030495e-06 
 5.88843655e+03  8.88110419e-12  9.37412302e-07 -7.41398573e-01  6.26286517e-06 
 6.02559586e+03  9.29967214e-12  9.59247439e-07 -7.41398573e-01  6.40874604e-06 
 6.16595002e+03  9.73793268e-12  9.81591183e-07 -7.41398573e-01  6.55802491e-06 
 6.30957344e+03  1.01968711e-11  1.00445538e-06 -7.41398573e-01  6.71078093e-06 
 6.45654229e+03  1.06774312e-11  1.02785215e-06 -7.41398573e-01  6.86709510e-06 
 6.60693448e+03  1.11806536e-11  1.05179390e-06 -7.41398573e-01  7.02705030e-06 
 6.76082975e+03  1.17075655e-11  1.07629333e-06 -7.41398573e-01  7.19073132e-06 
 6.91830971e+03  1.22593463e-11  1.10136342e-06 -7.41398573e-01  7.35822497e-06 
 7.07945784e+03  1.28371064e-11  1.12701747e-06 -7.41398573e-01  7.52962005e-06 
 7.24435960e+03  1.34420947e-11  1.15326908e-06 -7.41398573e-01  7.70500743e-06 
 7.41310241e+03  1.40756018e-11  1.18013217e-06 -7.41398573e-01  7.88448011e-06 
 7.58577575e+03  1.47389739e-11  1.20762098e-06 -7.41398573e-01  8.06813324e-06 
 7.76247117e+03  1.54336127e-11  1.23575008e-06 -7.41398573e-01  8.25606421e-06 
 7.94328235e+03  1.61609476e-11  1.26453440e-06 -7.41398573e-01  8.44837265e-06 
 8.12830516e+03  1.69225883e-11  1.29398919e-06 -7.41398573e-01  8.64516053e-06 
 8.31763771e+03  1.77201448e-11  1.32413007e-06 -7.41398573e-01  8.84653219e-06 
 8.51138038e+03  1.85552407e-11  1.35497302e-06 -7.41398573e-01  9.05259439e-06 
 8.70963590e+03  1.94297356e-11  1.38653440e-06 -7.41398573e-01  9.26345640e-06 
 8.91250938e+03  2.03454198e-11  1.41883093e-06 -7.41398573e-01  9.47923002e-06 
 9.12010839e+03  2.13042917e-11  1.45187975e-06 -7.41398573e-01  9.70002965e-06 
 9.33254301e+03  2.23083219e-11  1.48569838e-06 -7.41398573e-01  9.92597237e-06 
 9.54992586e+03  2.33596753e-11  1.52030474e-06 -7.41398573e-01  1.01571780e-05 
 9.77237221e+03  2.44605863e-11  1.55571718e-06 -7.41398573e-01  1.03937690e-05 
 1.00000000e+04  2.56133864e-11  1.59195449e-06 -7.41398573e-01  1.06358710e-05 
 1.02329299e+04  2.68205042e-11  1.62903587e-06 -7.41398573e-01  1.08836123e-05 
 1.04712855e+04  2.80845069e-11  1.66698100e-06 -7.41398573e-01  1.11371242e-05 
 1.07151931e+04  2.94081010e-11  1.70580997e-06 -7.41398573e-01  1.13965411e-05 
 1.09647820e+04  3.07940617e-11  1.74554339e-06 -7.41398573e-01  1.16620007e-05 
 1.12201845e+04  3.22453453e-11  1.78620232e-06 -7.41398573e-01  1.19336436e-05 
 1.14815362e+04  3.37650186e-11  1.82780831e-06 -7.41398573e-01  1.22116138e-05 
 1.17489755e+04  3.53563151e-11  1.87038344e-06 -7.41398573e-01  1.24960588e-05 
 1.20226443e+04  3.70226072e-11  1.91395027e-06 -7.41398573e-01  1.27871295e-05 
 1.23026877e+04  3.87674198e-11  1.95853189e-06 -7.41398573e-01  1.30849800e-05 
 1.25892541e+04  4.05944722e-11  2.00415196e-06 -7.41398572e-01  1.33897683e-05 
 1.28824955e+04  4.25076363e-11  2.05083466e-06 -7.41398572e-01  1.37016561e-05 
 1.31825674e+04  4.45109782e-11  2.09860474e-06 -7.41398572e-01  1.40208086e-05 
 1.34896288e+04  4.66087030e-11  2.14748752e-06 -7.41398572e-01  1.43473952e-05 
 1.38038426e+04  4.88053209e-11  2.19750893e-06 -7.41398572e-01  1.46815890e-05 
 1.41253754e+04  5.11054254e-11  2.24869549e-06 -7.41398572e-01  1.50235671e-05 
 1.44543977e+04  5.35139433e-11  2.30107433e-06 -7.41398572e-01  1.53735110e-05 
 1.47910839e+04  5.60359814e-11  2.35467324e-06 -7.41398572e-01  1.57316060e-05 
 1.51356125e+04  5.86768689e-11  2.40952063e-06 -7.41398572e-01  1.60980422e-05 
 1.54881662e+04  6.14422263e-11  2.46564557e-06 -7.41398572e-01  1.64730138e-05 
 1.58489319e+04  6.43379100e-11  2.52307783e-06 -7.41398572e-01  1.68567196e-05 
 1.62181010e+04  6.73700679e-11  2.58184787e-06 -7.41398572e-01  1.72493630e-05 
 1.65958691e+04  7.05451253e-11  2.64198683e-06 -7.41398572e-01  1.76511523e-05 
 1.69824365e+04  7.38698130e-11  2.70352661e-06 -7.41398572e-01  1.80623004e-05 
 1.73780083e+04  7.73511949e-11  2.76649983e-06 -7.41398572e-01  1.84830255e-05 
 1.77827941e+04  8.09966400e-11  2.83093989e-06 -7.41398572e-01  1.89135504e-05 
 1.81970086e+04  8.48138920e-11  2.89688095e-06 -7.41398572e-01  1.93541036e-05 
 1.86208714e+04  8.88110419e-11  2.96435798e-06 -7.41398572e-01  1.98049186e-05 
 1.90546072e+04  9.29965827e-11  3.03340675e-06 -7.41398572e-01  2.02662344e-05 
 1.94984460e+04  9.73793546e-11  3.10406387e-06 -7.41398572e-01  2.07382956e-05 
 1.99526231e+04  1.01968725e-10  3.17636680e-06 -7.41398572e-01  2.12213526e-05 
 2.04173794e+04  1.06774367e-10  3.25035389e-06 -7.41398572e-01  2.17156614e-05 
 2.08929613e+04  1.11806481e-10  3.32606436e-06 -7.41398572e-01  2.22214841e-05 
 2.13796209e+04  1.17075766e-10  3.40353835e-06 -7.41398572e-01  2.27390890e-05 
 2.18776162e+04  1.22593352e-10  3.48281694e-06 -7.41398572e-01  2.32687504e-05 
 2.23872114e+04  1.28371008e-10  3.56394217e-06 -7.41398572e-01  2.38107492e-05 
 2.29086765e+04  1.34420960e-10  3.64695704e-06 -7.41398572e-01  2.43653728e-05 
 2.34422882e+04  1.40756032e-10  3.73190559e-06 -7.41398572e-01  2.49329153e-05 
 2.39883292e+04  1.47389656e-10  3.81883283e-06 -7.41398572e-01  2.55136775e-05 
 2.45470892e+04  1.54335919e-10  3.90778488e-06 -7.41398572e-01  2.61079674e-05 
 2.51188643e+04  1.61609545e-10  3.99880888e-06 -7.41398572e-01  2.67161001e-05 
 2.57039578e+04  1.69225967e-10  4.09195310e-06 -7.41398572e-01  2.73383980e-05 
 2.63026799e+04  1.77201337e-10  4.18726694e-06 -7.41398572e-01  2.79751911e-05 
 2.69153480e+04  1.85552587e-10  4.28480091e-06 -7.41398572e-01  2.86268170e-05 
 2.75422870e+04  1.94297384e-10  4.38460675e-06 -7.41398571e-01  2.92936212e-05 
 2.81838293e+04  2.03454364e-10  4.48673736e-06 -7.41398571e-01  2.99759573e-05 
 2.88403150e+04  2.13042861e-10  4.59124690e-06 -7.41398571e-01  3.06741870e-05 
 2.95120923e+04  2.23083246e-10  4.69819077e-06 -7.41398571e-01  3.13886806e-05 
 3.01995172e+04  2.33596878e-10  4.80762569e-06 -7.41398571e-01  3.21198169e-05 
 3.09029543e+04  2.44605933e-10  4.91960968e-06 -7.41398571e-01  3.28679835e-05 
 3.16227766e+04  2.56133864e-10  5.03420211e-06 -7.41398571e-01  3.36335772e-05 
 3.23593657e+04  2.68205083e-10  5.15146374e-06 -7.41398571e-01  3.44170039e-05 
 3.31131121e+04  2.80845194e-10  5.27145675e-06 -7.41398571e-01  3.52186789e-05 
 3.38844156e+04  2.94081023e-10  5.39424475e-06 -7.41398571e-01  3.60390273e-05 
 3.46736850e+04  3.07940645e-10  5.51989285e-06 -7.41398571e-01  3.68784841e-05 
 3.54813389e+04  3.22453425e-10  5.64846767e-06 -7.41398571e-01  3.77374943e-05 
 3.63078055e+04  3.37650186e-10  5.78003738e-06 -7.41398571e-01  3.86165135e-05 
 3.71535229e+04  3.53563151e-10  5.91467175e-06 -7.41398570e-01  3.95160076e-05 
 3.80189396e+04  3.70226044e-10  6.05244215e-06 -7.41398570e-01  4.04364537e-05 
 3.89045145e+04  3.87674282e-10  6.19342164e-06 -7.41398570e-01  4.13783397e-05 
 3.98107171e+04  4.05944806e-10  6.33768496e-06 -7.41398570e-01  4.23421650e-05 
 4.07380278e+04  4.25076391e-10  6.48530860e-06 -7.41398570e-01  4.33284407e-05 
 4.16869383e+04  4.45109644e-10  6.63637084e-06 -7.41398570e-01  4.43376897e-05 
 4.26579519e+04  4.66087030e-10  6.79095178e-06 -7.41398570e-01  4.53704472e-05 
 4.36515832e+04  4.88053015e-10  6.94913336e-06 -7.41398570e-01  4.64272607e-05 
 4.46683592e+04  5.11054227e-10  7.11099947e-06 -7.41398569e-01  4.75086905e-05 
 4.57088190e+04  5.35139488e-10  7.27663593e-06 -7.41398569e-01  4.86153100e-05 
 4.67735141e+04  5.60359828e-10  7.44613055e-06 -7.41398569e-01  4.97477061e-05 
 4.78630092e+04  5.86768772e-10  7.61957321e-06 -7.41398569e-01  5.09064790e-05 
 4.89778819e+04  6.14422319e-10  7.79705587e-06 -7.41398569e-01  5.20922432e-05 
 5.01187234e+04  6.43379156e-10  7.97867263e-06 -7.41398568e-01  5.33056274e-05 
 5.12861384e+04  6.73700679e-10  8.16451978e-06 -7.41398568e-01  5.45472749e-05 
 5.24807460e+04  7.05451211e-10  8.35469588e-06 -7.41398568e-01  5.58178442e-05 
 5.37031796e+04  7.38698117e-10  8.54930174e-06 -7.41398568e-01  5.71180088e-05 
 5.49540874e+04  7.73511880e-10  8.74844056e-06 -7.41398568e-01  5.84484581e-05 
 5.62341325e+04  8.09966386e-10  8.95221791e-06 -7.41398567e-01  5.98098975e-05 
 5.75439937e+04  8.48138906e-10  9.16074185e-06 -7.41398567e-01  6.12030490e-05 
 5.88843655e+04  8.88110488e-10  9.37412294e-06 -7.41398567e-01  6.26286511e-05 
 6.02559586e+04  9.29965827e-10  9.59247431e-06 -7.41398567e-01  6.40874598e-05 
 6.16595002e+04  9.73793768e-10  9.81591173e-06 -7.41398566e-01  6.55802485e-05 
 6.30957344e+04  1.01968727e-09  1.00445537e-05 -7.41398566e-01  6.71078087e-05 
 6.45654229e+04  1.06774363e-09  1.02785214e-05 -7.41398566e-01  6.86709503e-05 
 6.60693448e+04  1.11806484e-09  1.05179389e-05 -7.41398565e-01  7.02705022e-05 
 6.76082975e+04  1.17075760e-09  1.07629332e-05 -7.41398565e-01  7.19073124e-05 
 6.91830971e+04  1.22593372e-09  1.10136341e-05 -7.41398565e-01  7.35822488e-05 
 7.07945784e+04  1.28371021e-09  1.12701746e-05 -7.41398564e-01  7.52961995e-05 
 7.24435960e+04  1.34420959e-09  1.15326906e-05 -7.41398564e-01  7.70500733e-05 
 7.41310241e+04  1.40756024e-09  1.18013215e-05 -7.41398563e-01  7.88448000e-05 
 7.58577575e+04  1.47389652e-09  1.20762096e-05 -7.41398563e-01  8.06813313e-05 
 7.76247117e+04  1.54335911e-09  1.23575006e-05 -7.41398562e-01  8.25606408e-05 
 7.94328235e+04  1.61609538e-09  1.26453438e-05 -7.41398562e-01  8.44837251e-05 
 8.12830516e+04  1.69225961e-09  1.29398917e-05 -7.41398561e-01  8.64516038e-05 
 8.31763771e+04  1.77201334e-09  1.32413005e-05 -7.41398561e-01  8.84653203e-05 
 8.51138038e+04  1.85552576e-09  1.35497300e-05 -7.41398560e-01  9.05259422e-05 
 8.70963590e+04  1.94297398e-09  1.38653437e-05 -7.41398560e-01  9.26345622e-05 
 8.91250938e+04  2.03454351e-09  1.41883091e-05 -7.41398559e-01  9.47922983e-05 
 9.12010839e+04  2.13042861e-09  1.45187972e-05 -7.41398559e-01  9.70002945e-05 
 9.33254301e+04  2.23083262e-09  1.48569834e-05 -7.41398558e-01  9.92597215e-05 
 9.54992586e+04  2.33596852e-09  1.52030470e-05 -7.41398557e-01  1.01571777e-04 
 9.77237221e+04  2.44605933e-09  1.55571714e-05 -7.41398556e-01  1.03937688e-04 
 1.00000000e+05  2.56133853e-09  1.59195445e-05 -7.41398556e-01  1.06358707e-04 
 1.02329299e+05  2.68205071e-09  1.62903583e-05 -7.41398555e-01  1.08836120e-04 
 1.04712855e+05  2.80845185e-09  1.66698095e-05 -7.41398554e-01  1.11371239e-04 
 1.07151931e+05  2.94081012e-09  1.70580992e-05 -7.41398553e-01  1.13965408e-04 
 1.09647820e+05  3.07940622e-09  1.74554334e-05 -7.41398552e-01  1.16620003e-04 
 1.12201845e+05  3.22453417e-09  1.78620226e-05 -7.41398551e-01  1.19336432e-04 
 1.14815362e+05  3.37650176e-09  1.82780825e-05 -7.41398550e-01  1.22116134e-04 
 1.17489755e+05  3.53563137e-09  1.87038337e-05 -7.41398549e-01  1.24960584e-04 
 1.20226443e+05  3.70226055e-09  1.91395020e-05 -7.41398548e-01  1.27871290e-04 
 1.23026877e+05  3.87674269e-09  1.95853182e-05 -7.41398547e-01  1.30849795e-04 
 1.25892541e+05  4.05944796e-09  2.00415188e-05 -7.41398546e-01  1.33897678e-04 
 1.28824955e+05  4.25076384e-09  2.05083457e-05 -7.41398544e-01  1.37016555e-04 
 1.31825674e+05  4.45109616e-09  2.09860464e-05 -7.41398543e-01  1.40208080e-04 
 1.34896288e+05  4.66086983e-09  2.14748742e-05 -7.41398542e-01  1.43473946e-04 
 1.38038426e+05  4.88052986e-09  2.19750882e-05 -7.41398540e-01  1.46815883e-04 
 1.41253754e+05  5.11054213e-09  2.24869537e-05 -7.41398539e-01  1.50235664e-04 
 1.44543977e+05  5.35139454e-09  2.30107421e-05 -7.41398537e-01  1.53735101e-04 
 1.47910839e+05  5.60359799e-09  2.35467311e-05 -7.41398535e-01  1.57316051e-04 
 1.51356125e+05  5.86768742e-09  2.40952049e-05 -7.41398534e-01  1.60980413e-04 
 1.54881662e+05  6.14422298e-09  2.46564542e-05 -7.41398532e-01  1.64730128e-04 
 1.58489319e+05  6.43379128e-09  2.52307767e-05 -7.41398530e-01  1.68567185e-04 
 1.62181010e+05  6.73700648e-09  2.58184769e-05 -7.41398528e-01  1.72493618e-04 
 1.65958691e+05  7.05451182e-09  2.64198664e-05 -7.41398526e-01  1.76511510e-04 
 1.69824365e+05  7.38698067e-09  2.70352641e-05 -7.41398523e-01  1.80622991e-04 
 1.73780083e+05  7.73511832e-09  2.76649962e-05 -7.41398521e-01  1.84830240e-04 
 1.77827941e+05  8.09966319e-09  2.83093966e-05 -7.41398519e-01  1.89135489e-04 
 1.81970086e+05  8.48138851e-09  2.89688071e-05 -7.41398516e-01  1.93541020e-04 
 1.86208714e+05  8.88110400e-09  2.96435772e-05 -7.41398513e-01  1.98049168e-04 
 1.90546072e+05  9.29965750e-09  3.03340646e-05 -7.41398511e-01  2.02662325e-04 
 1.94984460e+05  9.73793682e-09  3.10406356e-05 -7.41398508e-01  2.07382936e-04 
 1.99526231e+05  1.01968716e-08  3.17636648e-05 -7.41398505e-01  2.12213504e-04 
 2.04173794e+05  1.06774353e-08  3.25035354e-05 -7.41398501e-01  2.17156591e-04 
 2.08929613e+05  1.11806473e-08  3.32606398e-05 -7.41398498e-01  2.22214817e-04 
 2.13796209e+05  1.17075749e-08  3.40353795e-05 -7.41398495e-01  2.27390863e-04 
 2.18776162e+05  1.22593358e-08  3.48281651e-05 -7.41398491e-01  2.32687476e-04 
 2.23872114e+05  1.28371004e-08  3.56394171e-05 -7.41398487e-01  2.38107462e-04 
 2.29086765e+05  1.34420942e-08  3.64695655e-05 -7.41398483e-01  2.43653696e-04 
 2.34422882e+05  1.40756005e-08  3.73190506e-05 -7.41398479e-01  2.49329118e-04 
 2.39883292e+05  1.47389631e-08  3.81883227e-05 -7.41398474e-01  2.55136737e-04 
 2.45470892e+05  1.54335889e-08  3.90778427e-05 -7.41398470e-01  2.61079633e-04 
 2.51188643e+05  1.61609514e-08  3.99880823e-05 -7.41398465e-01  2.67160957e-04 
 2.57039578e+05  1.69225934e-08  4.09195241e-05 -7.41398460e-01  2.73383933e-04 
 2.63026799e+05  1.77201306e-08  4.18726619e-05 -7.41398454e-01  2.79751861e-04 
 2.69153480e+05  1.85552544e-08  4.28480012e-05 -7.41398449e-01  2.86268117e-04 
 2.75422870e+05  1.94297364e-08  4.38460589e-05 -7.41398443e-01  2.92936155e-04 
 2.81838293e+05  2.03454315e-08  4.48673644e-05 -7.41398437e-01  2.99759512e-04 
 2.88403150e+05  2.13042820e-08  4.59124592e-05 -7.41398431e-01  3.06741805e-04 
 2.95120923e+05  2.23083216e-08  4.69818973e-05 -7.41398424e-01  3.13886736e-04 
 3.01995172e+05  2.33596802e-08  4.80762457e-05 -7.41398417e-01  3.21198094e-04 
 3.09029543e+05  2.44605877e-08  4.91960848e-05 -7.41398409e-01  3.28679755e-04 
 3.16227766e+05  2.56133794e-08  5.03420082e-05 -7.41398402e-01  3.36335686e-04 
 3.23593657e+05  2.68205004e-08  5.15146236e-05 -7.41398394e-01  3.44169947e-04 
 3.31131121e+05  2.80845113e-08  5.27145527e-05 -7.41398385e-01  3.52186690e-04 
 3.38844156e+05  2.94080932e-08  5.39424316e-05 -7.41398376e-01  3.60390167e-04 
 3.46736850e+05  3.07940535e-08  5.51989115e-05 -7.41398367e-01  3.68784727e-04 
 3.54813389e+05  3.22453320e-08  5.64846585e-05 -7.41398357e-01  3.77374821e-04 
 3.63078055e+05  3.37650072e-08  5.78003543e-05 -7.41398347e-01  3.86165004e-04 
 3.71535229e+05  3.53563024e-08  5.91466965e-05 -7.41398337e-01  3.95159936e-04 
 3.80189396e+05  3.70225930e-08  6.05243991e-05 -7.41398326e-01  4.04364387e-04 
 3.89045145e+05  3.87674133e-08  6.19341923e-05 -7.41398314e-01  4.13783236e-04 
 3.98107171e+05  4.05944645e-08  6.33768238e-05 -7.41398302e-01  4.23421478e-04 
 4.07380278e+05  4.25076219e-08  6.48530584e-05 -7.41398289e-01  4.33284223e-04 
 4.16869383e+05  4.45109435e-08  6.63636789e-05 -7.41398276e-01  4.43376700e-04 
 4.26579519e+05  4.66086786e-08  6.79094861e-05 -7.41398262e-01  4.53704261e-04 
 4.36515832e+05  4.88052769e-08  6.94912997e-05 -7.41398247e-01  4.64272380e-04 
 4.46683592e+05  5.11053975e-08  7.11099584e-05 -7.41398232e-01  4.75086662e-04 
 4.57088190e+05  5.35139194e-08  7.27663203e-05 -7.41398216e-01  4.86152840e-04 
 4.67735141e+05  5.60359513e-08  7.44612637e-05 -7.41398199e-01  4.97476782e-04 
 4.78630092e+05  5.86768427e-08  7.61956873e-05 -7.41398181e-01  5.09064491e-04 
 4.89778819e+05  6.14421954e-08  7.79705107e-05 -7.41398163e-01  5.20922112e-04 
 5.01187234e+05  6.43378750e-08  7.97866749e-05 -7.41398143e-01  5.33055931e-04 
 5.12861384e+05  6.73700236e-08  8.16451428e-05 -7.41398123e-01  5.45472382e-04 
 5.24807460e+05  7.05450727e-08  8.35468998e-05 -7.41398102e-01  5.58178048e-04 
 5.37031796e+05  7.38697571e-08  8.54929542e-05 -7.41398080e-01  5.71179666e-04 
 5.49540874e+05  7.73511287e-08  8.74843379e-05 -7.41398056e-01  5.84484129e-04 
 5.62341325e+05  8.09965721e-08  8.95221066e-05 -7.41398032e-01  5.98098491e-04 
 5.75439937e+05  8.48138197e-08  9.16073408e-05 -7.41398007e-01  6.12029971e-04 
 5.88843655e+05  8.88109683e-08  9.37411461e-05 -7.41397980e-01  6.26285955e-04 
 6.02559586e+05  9.29964964e-08  9.59246538e-05 -7.41397952e-01  6.40874002e-04 
 6.16595002e+05  9.73792819e-08  9.81590217e-05 -7.41397923e-01  6.55801846e-04 
 6.30957344e+05  1.01968621e-07  1.00445434e-04 -7.41397892e-01  6.71077402e-04 
 6.45654229e+05  1.06774249e-07  1.02785104e-04 -7.41397860e-01  6.86708770e-04 
 6.60693448e+05  1.11806359e-07  1.05179271e-04 -7.41397826e-01  7.02704236e-04 
 6.76082975e+05  1.17075624e-07  1.07629206e-04 -7.41397791e-01  7.19072282e-04 
 6.91830971e+05  1.22593221e-07  1.10136206e-04 -7.41397754e-01  7.35821586e-04 
 7.07945784e+05  1.28370854e-07  1.12701601e-04 -7.41397716e-01  7.52961029e-04 
 7.24435960e+05  1.34420778e-07  1.15326751e-04 -7.41397675e-01  7.70499697e-04 
 7.41310241e+05  1.40755825e-07  1.18013049e-04 -7.41397633e-01  7.88446890e-04 
 7.58577575e+05  1.47389433e-07  1.20761918e-04 -7.41397589e-01  8.06812124e-04 
 7.76247117e+05  1.54335672e-07  1.23574816e-04 -7.41397542e-01  8.25605134e-04 
 7.94328235e+05  1.61609276e-07  1.26453234e-04 -7.41397494e-01  8.44835886e-04 
 8.12830516e+05  1.69225674e-07  1.29398698e-04 -7.41397443e-01  8.64514575e-04 
 8.31763771e+05  1.77201020e-07  1.32412770e-04 -7.41397390e-01  8.84651635e-04 
 8.51138038e+05  1.85552231e-07  1.35497048e-04 -7.41397334e-01  9.05257743e-04 
 8.70963590e+05  1.94297021e-07  1.38653168e-04 -7.41397276e-01  9.26343823e-04 
 8.91250938e+05  2.03453939e-07  1.41882802e-04 -7.41397214e-01  9.47921054e-04 
 9.12010839e+05  2.13042407e-07  1.45187663e-04 -7.41397150e-01  9.70000878e-04 
 9.33254301e+05  2.23082763e-07  1.48569503e-04 -7.41397083e-01  9.92595001e-04 
 9.54992586e+05  2.33596305e-07  1.52030115e-04 -7.41397013e-01  1.01571540e-03 
 9.77237221e+05  2.44605333e-07  1.55571334e-04 -7.41396940e-01  1.03937434e-03 
 1.00000000e+06  2.56133197e-07  1.59195037e-04 -7.41396863e-01  1.06358435e-03 
 1.02329299e+06  2.68204350e-07  1.62903146e-04 -7.41396782e-01  1.08835828e-03 
 1.04712855e+06  2.80844396e-07  1.66697626e-04 -7.41396698e-01  1.11370926e-03 
 1.07151931e+06  2.94080145e-07  1.70580490e-04 -7.41396609e-01  1.13965073e-03 
 1.09647820e+06  3.07939672e-07  1.74553796e-04 -7.41396517e-01  1.16619644e-03 
 1.12201845e+06  3.22452375e-07  1.78619650e-04 -7.41396420e-01  1.19336047e-03 
 1.14815362e+06  3.37649035e-07  1.82780208e-04 -7.41396319e-01  1.22115722e-03 
 1.17489755e+06  3.53561887e-07  1.87037676e-04 -7.41396212e-01  1.24960142e-03 
 1.20226443e+06  3.70224683e-07  1.91394310e-04 -7.41396101e-01  1.27870816e-03 
 1.23026877e+06  3.87672766e-07  1.95852422e-04 -7.41395985e-01  1.30849287e-03 
 1.25892541e+06  4.05943146e-07  2.00414374e-04 -7.41395863e-01  1.33897134e-03 
 1.28824955e+06  4.25074575e-07  2.05082585e-04 -7.41395735e-01  1.37015972e-03 
 1.31825674e+06  4.45107632e-07  2.09859529e-04 -7.41395601e-01  1.40207456e-03 
 1.34896288e+06  4.66084810e-07  2.14747740e-04 -7.41395461e-01  1.43473277e-03 
 1.38038426e+06  4.88050602e-07  2.19749809e-04 -7.41395314e-01  1.46815166e-03 
 1.41253754e+06  5.11051599e-07  2.24868387e-04 -7.41395161e-01  1.50234896e-03 
 1.44543977e+06  5.35136589e-07  2.30106189e-04 -7.41395000e-01  1.53734279e-03 
 1.47910839e+06  5.60356656e-07  2.35465991e-04 -7.41394832e-01  1.57315170e-03 
 1.51356125e+06  5.86765295e-07  2.40950634e-04 -7.41394655e-01  1.60979468e-03 
 1.54881662e+06  6.14418520e-07  2.46563026e-04 -7.41394471e-01  1.64729116e-03 
 1.58489319e+06  6.43374984e-07  2.52306143e-04 -7.41394278e-01  1.68566100e-03 
 1.62181010e+06  6.73696107e-07  2.58183029e-04 -7.41394075e-01  1.72492456e-03 
 1.65958691e+06  7.05446200e-07  2.64196799e-04 -7.41393863e-01  1.76510265e-03 
 1.69824365e+06  7.38692607e-07  2.70350643e-04 -7.41393641e-01  1.80621657e-03 
 1.73780083e+06  7.73505844e-07  2.76647821e-04 -7.41393409e-01  1.84828811e-03 
 1.77827941e+06  8.09959753e-07  2.83091672e-04 -7.41393165e-01  1.89133957e-03 
 1.81970086e+06  8.48131653e-07  2.89685612e-04 -7.41392911e-01  1.93539378e-03 
 1.86208714e+06  8.88102508e-07  2.96433137e-04 -7.41392644e-01  1.98047410e-03 
 1.90546072e+06  9.29957096e-07  3.03337824e-04 -7.41392364e-01  2.02660441e-03 
 1.94984460e+06  9.73784192e-07  3.10403332e-04 -7.41392072e-01  2.07380917e-03 
 1.99526231e+06  1.01967675e-06  3.17633407e-04 -7.41391765e-01  2.12211341e-03 
 2.04173794e+06  1.06773212e-06  3.25031881e-04 -7.41391444e-01  2.17154273e-03 
 2.08929613e+06  1.11805222e-06  3.32602677e-04 -7.41391108e-01  2.22212332e-03 
 2.13796209e+06  1.17074377e-06  3.40349808e-04 -7.41390757e-01  2.27388202e-03 
 2.18776162e+06  1.22591854e-06  3.48277379e-04 -7.41390388e-01  2.32684623e-03 
 2.23872114e+06  1.28369355e-06  3.56389593e-04 -7.41390003e-01  2.38104406e-03 
 2.29086765e+06  1.34419134e-06  3.64690750e-04 -7.41389599e-01  2.43650421e-03 
 2.34422882e+06  1.40754023e-06  3.73185250e-04 -7.41389176e-01  2.49325609e-03 
 2.39883292e+06  1.47387457e-06  3.81877595e-04 -7.41388733e-01  2.55132977e-03 
 2.45470892e+06  1.54333505e-06  3.90772393e-04 -7.41388269e-01  2.61075605e-03 
 2.51188643e+06  1.61606900e-06  3.99874357e-04 -7.41387784e-01  2.67156640e-03 
 2.57039578e+06  1.69223069e-06  4.09188312e-04 -7.41387275e-01  2.73379308e-03 
 2.63026799e+06  1.77198163e-06  4.18719195e-04 -7.41386743e-01  2.79746904e-03 
 2.69153480e+06  1.85549099e-06  4.28472056e-04 -7.41386185e-01  2.86262805e-03 
 2.75422870e+06  1.94293587e-06  4.38452065e-04 -7.41385601e-01  2.92930464e-03 
 2.81838293e+06  2.03450173e-06  4.48664510e-04 -7.41384990e-01  2.99753414e-03 
 2.88403150e+06  2.13038278e-06  4.59114804e-04 -7.41384350e-01  3.06735271e-03 
 2.95120923e+06  2.23078236e-06  4.69808485e-04 -7.41383680e-01  3.13879735e-03 
 3.01995172e+06  2.33591341e-06  4.80751220e-04 -7.41382978e-01  3.21190592e-03 
 3.09029543e+06  2.44599890e-06  4.91948807e-04 -7.41382243e-01  3.28671716e-03 
 3.16227766e+06  2.56127229e-06  5.03407180e-04 -7.41381473e-01  3.36327073e-03 
 3.23593657e+06  2.68197806e-06  5.15132411e-04 -7.41380668e-01  3.44160717e-03 
 3.31131121e+06  2.80837221e-06  5.27130713e-04 -7.41379824e-01  3.52176800e-03 
 3.38844156e+06  2.94072278e-06  5.39408443e-04 -7.41378940e-01  3.60379570e-03 
 3.46736850e+06  3.07931046e-06  5.51972107e-04 -7.41378015e-01  3.68773372e-03 
 3.54813389e+06  3.22442916e-06  5.64828360e-04 -7.41377046e-01  3.77362655e-03 
 3.63078055e+06  3.37638664e-06  5.77984015e-04 -7.41376032e-01  3.86151967e-03 
 3.71535229e+06  3.53550515e-06  5.91446041e-04 -7.41374969e-01  3.95145967e-03 
 3.80189396e+06  3.70212214e-06  6.05221570e-04 -7.41373857e-01  4.04349419e-03 
 3.89045145e+06  3.87659095e-06  6.19317899e-04 -7.41372692e-01  4.13767197e-03 
 3.98107171e+06  4.05928155e-06  6.33742496e-04 -7.41371472e-01  4.23404292e-03 
 4.07380278e+06  4.25058138e-06  6.48503001e-04 -7.41370195e-01  4.33265808e-03 
 4.16869383e+06  4.45089609e-06  6.63607233e-04 -7.41368858e-01  4.43356968e-03 
 4.26579519e+06  4.66065048e-06  6.79063191e-04 -7.41367458e-01  4.53683117e-03 
 4.36515832e+06  4.88028934e-06  6.94879062e-04 -7.41365991e-01  4.64249725e-03 
 4.46683592e+06  5.11027841e-06  7.11063222e-04 -7.41364456e-01  4.75062386e-03 
 4.57088190e+06  5.35110538e-06  7.27624241e-04 -7.41362848e-01  4.86126828e-03 
 4.67735141e+06  5.60328092e-06  7.44570889e-04 -7.41361164e-01  4.97448910e-03 
 4.78630092e+06  5.86733976e-06  7.61912139e-04 -7.41359402e-01  5.09034626e-03 
 4.89778819e+06  6.14384179e-06  7.79657173e-04 -7.41357556e-01  5.20890111e-03 
 5.01187234e+06  6.43337330e-06  7.97815387e-04 -7.41355623e-01  5.33021641e-03 
 5.12861384e+06  6.73654820e-06  8.16396393e-04 -7.41353599e-01  5.45435640e-03 
 5.24807460e+06  7.05400930e-06  8.35410027e-04 -7.41351479e-01  5.58138678e-03 
 5.37031796e+06  7.38642969e-06  8.54866354e-04 -7.41349260e-01  5.71137481e-03 
 5.49540874e+06  7.73451418e-06  8.74775671e-04 -7.41346936e-01  5.84438927e-03 
 5.62341325e+06  8.09900077e-06  8.95148516e-04 -7.41344503e-01  5.98050056e-03 
 5.75439937e+06  8.48066219e-06  9.15995670e-04 -7.41341955e-01  6.11978072e-03 
 5.88843655e+06  8.88030761e-06  9.37328164e-04 -7.41339287e-01  6.26230345e-03 
 6.02559586e+06  9.29878428e-06  9.59157284e-04 -7.41336493e-01  6.40814415e-03 
 6.16595002e+06  9.73697935e-06  9.81494580e-04 -7.41333567e-01  6.55737998e-03 
 6.30957344e+06  1.01958218e-05  1.00435187e-03 -7.41330504e-01  6.71008988e-03 
 6.45654229e+06  1.06762842e-05  1.02774124e-03 -7.41327296e-01  6.86635463e-03 
 6.60693448e+06  1.11793851e-05  1.05167506e-03 -7.41323938e-01  7.02625687e-03 
 6.76082975e+06  1.17061909e-05  1.07616598e-03 -7.41320421e-01  7.18988115e-03 
 6.91830971e+06  1.22578184e-05  1.10122697e-03 -7.41316738e-01  7.35731401e-03 
 7.07945784e+06  1.28354366e-05  1.12687126e-03 -7.41312882e-01  7.52864394e-03 
 7.24435960e+06  1.34402699e-05  1.15311241e-03 -7.41308844e-01  7.70396151e-03 
 7.41310241e+06  1.40736002e-05  1.17996430e-03 -7.41304615e-01  7.88335940e-03 
 7.58577575e+06  1.47367697e-05  1.20744110e-03 -7.41300188e-01  8.06693239e-03 
 7.76247117e+06  1.54311840e-05  1.23555735e-03 -7.41295552e-01  8.25477748e-03 
 7.94328235e+06  1.61583145e-05  1.26432788e-03 -7.41290698e-01  8.44699390e-03 
 8.12830516e+06  1.69197021e-05  1.29376790e-03 -7.41285614e-01  8.64368318e-03 
 8.31763771e+06  1.77169603e-05  1.32389296e-03 -7.41280292e-01  8.84494919e-03 
 8.51138038e+06  1.85517784e-05  1.35471895e-03 -7.41274719e-01  9.05089820e-03 
 8.70963590e+06  1.94259251e-05  1.38626216e-03 -7.41268883e-01  9.26163892e-03 
 8.91250938e+06  2.03412525e-05  1.41853923e-03 -7.41262772e-01  9.47728257e-03 
 9.12010839e+06  2.12996998e-05  1.45156719e-03 -7.41256373e-01  9.69794294e-03 
 9.33254301e+06  2.23032974e-05  1.48536346e-03 -7.41249673e-01  9.92373644e-03 
 9.54992586e+06  2.33541713e-05  1.51994587e-03 -7.41242657e-01  1.01547821e-02 
 9.77237221e+06  2.44545474e-05  1.55533266e-03 -7.41235311e-01  1.03912019e-02 
 1.00000000e+07  2.56067564e-05  1.59154247e-03 -7.41227619e-01  1.06331203e-02 
 1.02329299e+07  2.68132386e-05  1.62859439e-03 -7.41219564e-01  1.08806649e-02 
 1.04712855e+07  2.80765490e-05  1.66650794e-03 -7.41211130e-01  1.11339660e-02 
 1.07151931e+07  2.93993627e-05  1.70530309e-03 -7.41202299e-01  1.13931571e-02 
 1.09647820e+07  3.07844809e-05  1.74500027e-03 -7.41193051e-01  1.16583747e-02 
 1.12201845e+07  3.22348360e-05  1.78562036e-03 -7.41183369e-01  1.19297583e-02 
 1.14815362e+07  3.37534987e-05  1.82718474e-03 -7.41173230e-01  1.22074508e-02 
 1.17489755e+07  3.53436838e-05  1.86971528e-03 -7.41162613e-01  1.24915982e-02 
 1.20226443e+07  3.70087572e-05  1.91323434e-03 -7.41151497e-01  1.27823498e-02 
 1.23026877e+07  3.87522430e-05  1.95776478e-03 -7.41139857e-01  1.30798586e-02 
 1.25892541e+07  4.05778308e-05  2.00332999e-03 -7.41127670e-01  1.33842807e-02 
 1.28824955e+07  4.24893838e-05  2.04995392e-03 -7.41114908e-01  1.36957762e-02 
 1.31825674e+07  4.44909462e-05  2.09766103e-03 -7.41101545e-01  1.40145083e-02 
 1.34896288e+07  4.65867525e-05  2.14647634e-03 -7.41087553e-01  1.43406445e-02 
 1.38038426e+07  4.87812359e-05  2.19642545e-03 -7.41072902e-01  1.46743556e-02 
 1.41253754e+07  5.10790377e-05  2.24753455e-03 -7.41057562e-01  1.50158166e-02 
 1.44543977e+07  5.34850172e-05  2.29983040e-03 -7.41041499e-01  1.53652063e-02 
 1.47910839e+07  5.60042614e-05  2.35334037e-03 -7.41024681e-01  1.57227077e-02 
 1.51356125e+07  5.86420964e-05  2.40809247e-03 -7.41007070e-01  1.60885077e-02 
 1.54881662e+07  6.14040979e-05  2.46411532e-03 -7.40988630e-01  1.64627976e-02 
 1.58489319e+07  6.42961032e-05  2.52143819e-03 -7.40969323e-01  1.68457731e-02 
 1.62181010e+07  6.73242231e-05  2.58009101e-03 -7.40949107e-01  1.72376340e-02 
 1.65958691e+07  7.04948550e-05  2.64010438e-03 -7.40927939e-01  1.76385848e-02 
 1.69824365e+07  7.38146964e-05  2.70150959e-03 -7.40905776e-01  1.80488346e-02 
 1.73780083e+07  7.72907580e-05  2.76433864e-03 -7.40882569e-01  1.84685971e-02 
 1.77827941e+07  8.09303794e-05  2.82862422e-03 -7.40858270e-01  1.88980907e-02 
 1.81970086e+07  8.47412436e-05  2.89439976e-03 -7.40832828e-01  1.93375389e-02 
 1.86208714e+07  8.87313934e-05  2.96169944e-03 -7.40806190e-01  1.97871699e-02 
 1.90546072e+07  9.29092479e-05  3.03055819e-03 -7.40778298e-01  2.02472171e-02 
 1.94984460e+07  9.72836201e-05  3.10101171e-03 -7.40749094e-01  2.07179192e-02 
 1.99526231e+07  1.01863735e-04  3.17309651e-03 -7.40718516e-01  2.11995198e-02 
 2.04173794e+07  1.06659249e-04  3.24684988e-03 -7.40686501e-01  2.16922683e-02 
 2.08929613e+07  1.11680270e-04  3.32230994e-03 -7.40652980e-01  2.21964192e-02 
 2.13796209e+07  1.16937378e-04  3.39951563e-03 -7.40617883e-01  2.27122329e-02 
 2.18776162e+07  1.22441646e-04  3.47850676e-03 -7.40581135e-01  2.32399752e-02 
 2.23872114e+07  1.28204665e-04  3.55932399e-03 -7.40542661e-01  2.37799178e-02 
 2.29086765e+07  1.34238566e-04  3.64200889e-03 -7.40502377e-01  2.43323384e-02 
 2.34422882e+07  1.40556047e-04  3.72660388e-03 -7.40460201e-01  2.48975205e-02 
 2.39883292e+07  1.47170395e-04  3.81315233e-03 -7.40416043e-01  2.54757538e-02 
 2.45470892e+07  1.54095519e-04  3.90169854e-03 -7.40369810e-01  2.60673343e-02 
 2.51188643e+07  1.61345973e-04  3.99228773e-03 -7.40321405e-01  2.66725641e-02 
 2.57039578e+07  1.68936989e-04  4.08496610e-03 -7.40270726e-01  2.72917520e-02 
 2.63026799e+07  1.76884509e-04  4.17978083e-03 -7.40217667e-01  2.79252130e-02 
 2.69153480e+07  1.85205213e-04  4.27678008e-03 -7.40162117e-01  2.85732690e-02 
 2.75422870e+07  1.93916557e-04  4.37601303e-03 -7.40103959e-01  2.92362486e-02 
 2.81838293e+07  2.03036807e-04  4.47752987e-03 -7.40043071e-01  2.99144871e-02 
 2.88403150e+07  2.12585075e-04  4.58138185e-03 -7.39979325e-01  3.06083269e-02 
 2.95120923e+07  2.22581360e-04  4.68762126e-03 -7.39912589e-01  3.13181174e-02 
 3.01995172e+07  2.33046586e-04  4.79630145e-03 -7.39842721e-01  3.20442151e-02 
 3.09029543e+07  2.44002645e-04  4.90747689e-03 -7.39769577e-01  3.27869837e-02 
 3.16227766e+07  2.55472439e-04  5.02120310e-03 -7.39693003e-01  3.35467944e-02 
 3.23593657e+07  2.67479932e-04  5.13753674e-03 -7.39612840e-01  3.43240257e-02 
 3.31131121e+07  2.80050188e-04  5.25653560e-03 -7.39528919e-01  3.51190637e-02 
 3.38844156e+07  2.93209430e-04  5.37825858e-03 -7.39441066e-01  3.59323019e-02 
 3.46736850e+07  3.06985086e-04  5.50276575e-03 -7.39349098e-01  3.67641418e-02 
 3.54813389e+07  3.21405845e-04  5.63011834e-03 -7.39252823e-01  3.76149922e-02 
 3.63078055e+07  3.36501713e-04  5.76037873e-03 -7.39152041e-01  3.84852702e-02 
 3.71535229e+07  3.52304076e-04  5.89361050e-03 -7.39046542e-01  3.93754005e-02 
 3.80189396e+07  3.68845752e-04  6.02987840e-03 -7.38936107e-01  4.02858157e-02 
 3.89045145e+07  3.86161065e-04  6.16924840e-03 -7.38820508e-01  4.12169565e-02 
 3.98107171e+07  4.04285903e-04  6.31178763e-03 -7.38699504e-01  4.21692717e-02 
 4.07380278e+07  4.23257794e-04  6.45756446e-03 -7.38572845e-01  4.31432178e-02 
 4.16869383e+07  4.43115974e-04  6.60664845e-03 -7.38440269e-01  4.41392599e-02 
 4.26579519e+07  4.63901461e-04  6.75911038e-03 -7.38301502e-01  4.51578706e-02 
 4.36515832e+07  4.85657137e-04  6.91502223e-03 -7.38156258e-01  4.61995311e-02 
 4.46683592e+07  5.08427825e-04  7.07445719e-03 -7.38004238e-01  4.72647303e-02 
 4.57088190e+07  5.32260375e-04  7.23748964e-03 -7.37845128e-01  4.83539653e-02 
 4.67735141e+07  5.57203751e-04  7.40419519e-03 -7.37678603e-01  4.94677411e-02 
 4.78630092e+07  5.83309122e-04  7.57465058e-03 -7.37504320e-01  5.06065707e-02 
 4.89778819e+07  6.10629955e-04  7.74893378e-03 -7.37321922e-01  5.17709750e-02 
 5.01187234e+07  6.39222115e-04  7.92712387e-03 -7.37131037e-01  5.29614824e-02 
 5.12861384e+07  6.69143963e-04  8.10930111e-03 -7.36931275e-01  5.41786292e-02 
 5.24807460e+07  7.00456466e-04  8.29554686e-03 -7.36722228e-01  5.54229590e-02 
 5.37031796e+07  7.33223299e-04  8.48594357e-03 -7.36503472e-01  5.66950228e-02 
 5.49540874e+07  7.67510964e-04  8.68057476e-03 -7.36274563e-01  5.79953788e-02 
 5.62341325e+07  8.03388903e-04  8.87952498e-03 -7.36035037e-01  5.93245917e-02 
 5.75439937e+07  8.40929618e-04  9.08287977e-03 -7.35784410e-01  6.06832334e-02 
 5.88843655e+07  8.80208798e-04  9.29072562e-03 -7.35522176e-01  6.20718817e-02 
 6.02559586e+07  9.21305447e-04  9.50314992e-03 -7.35247809e-01  6.34911207e-02 
 6.16595002e+07  9.64302014e-04  9.72024092e-03 -7.34960758e-01  6.49415399e-02 
 6.30957344e+07  1.00928453e-03  9.94208763e-03 -7.34660449e-01  6.64237344e-02 
 6.45654229e+07  1.05634276e-03  1.01687798e-02 -7.34346281e-01  6.79383037e-02 
 6.60693448e+07  1.10557031e-03  1.04004078e-02 -7.34017631e-01  6.94858521e-02 
 6.76082975e+07  1.15706485e-03  1.06370626e-02 -7.33673847e-01  7.10669873e-02 
 6.91830971e+07  1.21092817e-03  1.08788357e-02 -7.33314248e-01  7.26823203e-02 
 7.07945784e+07  1.26726642e-03  1.11258187e-02 -7.32938126e-01  7.43324646e-02 
 7.24435960e+07  1.32619023e-03  1.13781039e-02 -7.32544742e-01  7.60180358e-02 
 7.41310241e+07  1.38781488e-03  1.16357834e-02 -7.32133327e-01  7.77396501e-02 
 7.58577575e+07  1.45226046e-03  1.18989495e-02 -7.31703079e-01  7.94979242e-02 
 7.76247117e+07  1.51965205e-03  1.21676944e-02 -7.31253164e-01  8.12934739e-02 
 7.94328235e+07  1.59011992e-03  1.24421099e-02 -7.30782710e-01  8.31269136e-02 
 8.12830516e+07  1.66379964e-03  1.27222874e-02 -7.30290814e-01  8.49988545e-02 
 8.31763771e+07  1.74083232e-03  1.30083180e-02 -7.29776533e-01  8.69099042e-02 
 8.51138038e+07  1.82136478e-03  1.33002916e-02 -7.29238887e-01  8.88606648e-02 
 8.70963590e+07  1.90554969e-03  1.35982974e-02 -7.28676857e-01  9.08517322e-02 
 8.91250938e+07  1.99354582e-03  1.39024232e-02 -7.28089383e-01  9.28836941e-02 
 9.12010839e+07  2.08551816e-03  1.42127557e-02 -7.27475362e-01  9.49571286e-02 
 9.33254301e+07  2.18163816e-03  1.45293795e-02 -7.26833652e-01  9.70726027e-02 
 9.54992586e+07  2.28208387e-03  1.48523775e-02 -7.26163062e-01  9.92306704e-02 
 9.77237221e+07  2.38704014e-03  1.51818304e-02 -7.25462359e-01  1.01431871e-01 
 1.00000000e+08  2.49669881e-03  1.55178161e-02 -7.24730263e-01  1.03676726e-01 
 1.02329299e+08  2.61125884e-03  1.58604100e-02 -7.23965444e-01  1.05965739e-01 
 1.04712855e+08  2.73092656e-03  1.62096839e-02 -7.23166525e-01  1.08299391e-01 
 1.07151931e+08  2.85591576e-03  1.65657063e-02 -7.22332080e-01  1.10678140e-01 
 1.09647820e+08  2.98644788e-03  1.69285417e-02 -7.21460629e-01  1.13102418e-01 
 1.12201845e+08  3.12275217e-03  1.72982501e-02 -7.20550642e-01  1.15572626e-01 
 1.14815362e+08  3.26506581e-03  1.76748867e-02 -7.19600536e-01  1.18089135e-01 
 1.17489755e+08  3.41363404e-03  1.80585015e-02 -7.18608674e-01  1.20652277e-01 
 1.20226443e+08  3.56871030e-03  1.84491387e-02 -7.17573363e-01  1.23262351e-01 
 1.23026877e+08  3.73055630e-03  1.88468361e-02 -7.16492856e-01  1.25919609e-01 
 1.25892541e+08  3.89944210e-03  1.92516248e-02 -7.15365350e-01  1.28624261e-01 
 1.28824955e+08  4.07564621e-03  1.96635284e-02 -7.14188987e-01  1.31376464e-01 
 1.31825674e+08  4.25945557e-03  2.00825625e-02 -7.12961849e-01  1.34176325e-01 
 1.34896288e+08  4.45116564e-03  2.05087341e-02 -7.11681966e-01  1.37023891e-01 
 1.38038426e+08  4.65108030e-03  2.09420410e-02 -7.10347307e-01  1.39919149e-01 
 1.41253754e+08  4.85951190e-03  2.13824708e-02 -7.08955788e-01  1.42862018e-01 
 1.44543977e+08  5.07678109e-03  2.18300007e-02 -7.07505268e-01  1.45852346e-01 
 1.47910839e+08  5.30321678e-03  2.22845963e-02 -7.05993551e-01  1.48889905e-01 
 1.51356125e+08  5.53915595e-03  2.27462111e-02 -7.04418387e-01  1.51974386e-01 
 1.54881662e+08  5.78494344e-03  2.32147855e-02 -7.02777475e-01  1.55105394e-01 
 1.58489319e+08  6.04093174e-03  2.36902463e-02 -7.01068461e-01  1.58282439e-01 
 1.62181010e+08  6.30748065e-03  2.41725056e-02 -6.99288942e-01  1.61504938e-01 
 1.65958691e+08  6.58495698e-03  2.46614599e-02 -6.97436470e-01  1.64772201e-01 
 1.69824365e+08  6.87373407e-03  2.51569896e-02 -6.95508553e-01  1.68083430e-01 
 1.73780083e+08  7.17419136e-03  2.56589576e-02 -6.93502656e-01  1.71437712e-01 
 1.77827941e+08  7.48671384e-03  2.61672087e-02 -6.91416211e-01  1.74834013e-01 
 1.81970086e+08  7.81169140e-03  2.66815688e-02 -6.89246614e-01  1.78271173e-01 
 1.86208714e+08  8.14951818e-03  2.72018437e-02 -6.86991234e-01  1.81747895e-01 
 1.90546072e+08  8.50059177e-03  2.77278182e-02 -6.84647415e-01  1.85262745e-01 
 1.94984460e+08  8.86531235e-03  2.82592554e-02 -6.82212488e-01  1.88814145e-01 
 1.99526231e+08  9.24408175e-03  2.87958957e-02 -6.79683768e-01  1.92400361e-01 
 2.04173794e+08  9.63730242e-03  2.93374560e-02 -6.77058569e-01  1.96019506e-01 
 2.08929613e+08  1.00453763e-02  2.98836285e-02 -6.74334209e-01  1.99669528e-01 
 2.13796209e+08  1.04687035e-02  3.04340803e-02 -6.71508014e-01  2.03348205e-01 
 2.18776162e+08  1.09076811e-02  3.09884523e-02 -6.68577335e-01  2.07053143e-01 
 2.23872114e+08  1.13627018e-02  3.15463590e-02 -6.65539550e-01  2.10781769e-01 
 2.29086765e+08  1.18341519e-02  3.21073870e-02 -6.62392078e-01  2.14531325e-01 
 2.34422882e+08  1.23224105e-02  3.26710950e-02 -6.59132391e-01  2.18298870e-01 
 2.39883292e+08  1.28278469e-02  3.32370134e-02 -6.55758023e-01  2.22081267e-01 
 2.45470892e+08  1.33508193e-02  3.38046432e-02 -6.52266581e-01  2.25875190e-01 
 2.51188643e+08  1.38916727e-02  3.43734565e-02 -6.48655763e-01  2.29677115e-01 
 2.57039578e+08  1.44507368e-02  3.49428956e-02 -6.44923367e-01  2.33483322e-01 
 2.63026799e+08  1.50283240e-02  3.55123734e-02 -6.41067307e-01  2.37289895e-01 
 2.69153480e+08  1.56247274e-02  3.60812733e-02 -6.37085627e-01  2.41092718e-01 
 2.75422870e+08  1.62402179e-02  3.66489494e-02 -6.32976519e-01  2.44887482e-01 
 2.81838293e+08  1.68750426e-02  3.72147271e-02 -6.28738332e-01  2.48669687e-01 
 2.88403150e+08  1.75294219e-02  3.77779034e-02 -6.24369595e-01  2.52434641e-01 
 2.95120923e+08  1.82035473e-02  3.83377478e-02 -6.19869029e-01  2.56177470e-01 
 3.01995172e+08  1.88975789e-02  3.88935033e-02 -6.15235566e-01  2.59893124e-01 
 3.09029543e+08  1.96116431e-02  3.94443876e-02 -6.10468362e-01  2.63576382e-01 
 3.16227766e+08  2.03458297e-02  3.99895944e-02 -6.05566817e-01  2.67221865e-01 
 3.23593657e+08  2.11001900e-02  4.05282951e-02 -6.00530588e-01  2.70824043e-01 
 3.31131121e+08  2.18747343e-02  4.10596409e-02 -5.95359607e-01  2.74377253e-01 
 3.38844156e+08  2.26694292e-02  4.15827643e-02 -5.90054096e-01  2.77875707e-01 
 3.46736850e+08  2.34841961e-02  4.20967820e-02 -5.84614581e-01  2.81313510e-01 
 3.54813389e+08  2.43189085e-02  4.26007975e-02 -5.79041905e-01  2.84684681e-01 
 3.63078055e+08  2.51733904e-02  4.30939033e-02 -5.73337243e-01  2.87983165e-01 
 3.71535229e+08  2.60474145e-02  4.35751847e-02 -5.67502114e-01  2.91202859e-01 
 3.80189396e+08  2.69407007e-02  4.40437226e-02 -5.61538386e-01  2.94337629e-01 
 3.89045145e+08  2.78529145e-02  4.44985970e-02 -5.55448294e-01  2.97381337e-01 
 3.98107171e+08  2.87836662e-02  4.49388908e-02 -5.49234437e-01  3.00327865e-01 
 4.07380278e+08  2.97325101e-02  4.53636935e-02 -5.42899792e-01  3.03171139e-01 
 4.16869383e+08  3.06989439e-02  4.57721054e-02 -5.36447712e-01  3.05905153e-01 
 4.26579519e+08  3.16824085e-02  4.61632412e-02 -5.29881929e-01  3.08524004e-01 
 4.36515832e+08  3.26822883e-02  4.65362347e-02 -5.23206555e-01  3.11021911e-01 
 4.46683592e+08  3.36979113e-02  4.68902427e-02 -5.16426073e-01  3.13393250e-01 
 4.57088190e+08  3.47285508e-02  4.72244496e-02 -5.09545336e-01  3.15632579e-01 
 4.67735141e+08  3.57734257e-02  4.75380713e-02 -5.02569558e-01  3.17734669e-01 
 4.78630092e+08  3.68317030e-02  4.78303595e-02 -4.95504301e-01  3.19694528e-01 
 4.89778819e+08  3.79024991e-02  4.81006061e-02 -4.88355462e-01  3.21507433e-01 
 5.01187234e+08  3.89848828e-02  4.83481468e-02 -4.81129260e-01  3.23168954e-01 
 5.12861384e+08  4.00778776e-02  4.85723655e-02 -4.73832212e-01  3.24674982e-01 
 5.24807460e+08  4.11804653e-02  4.87726972e-02 -4.66471117e-01  3.26021750e-01 
 5.37031796e+08  4.22915890e-02  4.89486319e-02 -4.59053029e-01  3.27205859e-01 
 5.49540874e+08  4.34101574e-02  4.90997176e-02 -4.51585235e-01  3.28224296e-01 
 5.62341325e+08  4.45350485e-02  4.92255632e-02 -4.44075224e-01  3.29074455e-01 
 5.75439937e+08  4.56651142e-02  4.93258406e-02 -4.36530662e-01  3.29754151e-01 
 5.88843655e+08  4.67991847e-02  4.94002872e-02 -4.28959357e-01  3.30261635e-01 
 6.02559586e+08  4.79360735e-02  4.94487071e-02 -4.21369231e-01  3.30595607e-01 
 6.16595002e+08  4.90745821e-02  4.94709730e-02 -4.13768285e-01  3.30755221e-01 
 6.30957344e+08  5.02135052e-02  4.94670264e-02 -4.06164564e-01  3.30740093e-01 
 6.45654229e+08  5.13516359e-02  4.94368782e-02 -3.98566127e-01  3.30550301e-01 
 6.60693448e+08  5.24877703e-02  4.93806087e-02 -3.90981010e-01  3.30186389e-01 
 6.76082975e+08  5.36207133e-02  4.92983671e-02 -3.83417192e-01  3.29649357e-01 
 6.91830971e+08  5.47492830e-02  4.91903706e-02 -3.75882562e-01  3.28940663e-01 
 7.07945784e+08  5.58723159e-02  4.90569025e-02 -3.68384888e-01  3.28062204e-01 
 7.24435960e+08  5.69886717e-02  4.88983111e-02 -3.60931782e-01  3.27016313e-01 
 7.41310241e+08  5.80972375e-02  4.87150072e-02 -3.53530674e-01  3.25805738e-01 
 7.58577575e+08  5.91969323e-02  4.85074613e-02 -3.46188780e-01  3.24433628e-01 
 7.76247117e+08  6.02867111e-02  4.82762013e-02 -3.38913076e-01  3.22903514e-01 
 7.94328235e+08  6.13655682e-02  4.80218086e-02 -3.31710276e-01  3.21219285e-01 
 8.12830516e+08  6.24325411e-02  4.77449151e-02 -3.24586805e-01  3.19385168e-01 
 8.31763771e+08  6.34867133e-02  4.74461994e-02 -3.17548782e-01  3.17405699e-01 
 8.51138038e+08  6.45272167e-02  4.71263828e-02 -3.10602000e-01  3.15285703e-01 
 8.70963590e+08  6.55532345e-02  4.67862254e-02 -3.03751914e-01  3.13030262e-01 
 8.91250938e+08  6.65640024e-02  4.64265219e-02 -2.97003624e-01  3.10644690e-01 
 9.12010839e+08  6.75588106e-02  4.60480972e-02 -2.90361868e-01  3.08134502e-01 
 9.33254301e+08  6.85370050e-02  4.56518023e-02 -2.83831014e-01  3.05505388e-01 
 9.54992586e+08  6.94979876e-02  4.52385101e-02 -2.77415053e-01  3.02763184e-01 
 9.77237221e+08  7.04412170e-02  4.48091109e-02 -2.71117597e-01  2.99913843e-01 
 1.00000000e+09  7.13662087e-02  4.43645085e-02 -2.64941881e-01  2.96963409e-01 
