 frequency       y12             y12             y22             y22            
 1.00000000e+01 -2.22219110e-17 -1.37203693e-09  7.41424820e-01 -8.53246742e-09 
 1.02329299e+01 -2.32691974e-17 -1.40399577e-09  7.41424820e-01 -8.73121412e-09 
 1.04712855e+01 -2.43658409e-17 -1.43669904e-09  7.41424820e-01 -8.93459022e-09 
 1.07151931e+01 -2.55141676e-17 -1.47016406e-09  7.41424820e-01 -9.14270356e-09 
 1.09647820e+01 -2.67166133e-17 -1.50440858e-09  7.41424820e-01 -9.35566448e-09 
 1.12201845e+01 -2.79757285e-17 -1.53945075e-09  7.41424820e-01 -9.57358590e-09 
 1.14815362e+01 -2.92941840e-17 -1.57530917e-09  7.41424820e-01 -9.79658337e-09 
 1.17489755e+01 -3.06747763e-17 -1.61200283e-09  7.41424820e-01 -1.00247751e-08 
 1.20226443e+01 -3.21204340e-17 -1.64955120e-09  7.41424820e-01 -1.02582821e-08 
 1.23026877e+01 -3.36342234e-17 -1.68797419e-09  7.41424820e-01 -1.04972282e-08 
 1.25892541e+01 -3.52193555e-17 -1.72729215e-09  7.41424820e-01 -1.07417401e-08 
 1.28824955e+01 -3.68791926e-17 -1.76752596e-09  7.41424820e-01 -1.09919473e-08 
 1.31825674e+01 -3.86172554e-17 -1.80869693e-09  7.41424820e-01 -1.12479827e-08 
 1.34896288e+01 -4.04372306e-17 -1.85082689e-09  7.41424820e-01 -1.15099818e-08 
 1.38038426e+01 -4.23429786e-17 -1.89393819e-09  7.41424820e-01 -1.17780838e-08 
 1.41253754e+01 -4.43385417e-17 -1.93805367e-09  7.41424820e-01 -1.20524306e-08 
 1.44543977e+01 -4.64281528e-17 -1.98319674e-09  7.41424820e-01 -1.23331677e-08 
 1.47910839e+01 -4.86162442e-17 -2.02939133e-09  7.41424820e-01 -1.26204441e-08 
 1.51356125e+01 -5.09074572e-17 -2.07666193e-09  7.41424820e-01 -1.29144120e-08 
 1.54881662e+01 -5.33066517e-17 -2.12503360e-09  7.41424820e-01 -1.32152273e-08 
 1.58489319e+01 -5.58189168e-17 -2.17453199e-09  7.41424820e-01 -1.35230495e-08 
 1.62181010e+01 -5.84495813e-17 -2.22518334e-09  7.41424820e-01 -1.38380418e-08 
 1.65958691e+01 -6.12042252e-17 -2.27701452e-09  7.41424820e-01 -1.41603712e-08 
 1.69824365e+01 -6.40886915e-17 -2.33005300e-09  7.41424820e-01 -1.44902086e-08 
 1.73780083e+01 -6.71090985e-17 -2.38432691e-09  7.41424820e-01 -1.48277290e-08 
 1.77827941e+01 -7.02718529e-17 -2.43986502e-09  7.41424820e-01 -1.51731111e-08 
 1.81970086e+01 -7.35836633e-17 -2.49669678e-09  7.41424820e-01 -1.55265383e-08 
 1.86208714e+01 -7.70515545e-17 -2.55485231e-09  7.41424820e-01 -1.58881978e-08 
 1.90546072e+01 -8.06828824e-17 -2.61436247e-09  7.41424820e-01 -1.62582815e-08 
 1.94984460e+01 -8.44853495e-17 -2.67525880e-09  7.41424820e-01 -1.66369855e-08 
 1.99526231e+01 -8.84670213e-17 -2.73757358e-09  7.41424820e-01 -1.70245107e-08 
 2.04173794e+01 -9.26363436e-17 -2.80133986e-09  7.41424820e-01 -1.74210625e-08 
 2.08929613e+01 -9.70021599e-17 -2.86659145e-09  7.41424820e-01 -1.78268512e-08 
 2.13796209e+01 -1.01573731e-16 -2.93336294e-09  7.41424820e-01 -1.82420919e-08 
 2.18776162e+01 -1.06360753e-16 -3.00168974e-09  7.41424820e-01 -1.86670048e-08 
 2.23872114e+01 -1.11373381e-16 -3.07160807e-09  7.41424820e-01 -1.91018152e-08 
 2.29086765e+01 -1.16622247e-16 -3.14315502e-09  7.41424820e-01 -1.95467536e-08 
 2.34422882e+01 -1.22118484e-16 -3.21636850e-09  7.41424820e-01 -2.00020560e-08 
 2.39883292e+01 -1.27873751e-16 -3.29128735e-09  7.41424820e-01 -2.04679637e-08 
 2.45470892e+01 -1.33900255e-16 -3.36795128e-09  7.41424820e-01 -2.09447238e-08 
 2.51188643e+01 -1.40210780e-16 -3.44640094e-09  7.41424820e-01 -2.14325891e-08 
 2.57039578e+01 -1.46818710e-16 -3.52667793e-09  7.41424820e-01 -2.19318183e-08 
 2.63026799e+01 -1.53738063e-16 -3.60882482e-09  7.41424820e-01 -2.24426759e-08 
 2.69153480e+01 -1.60983515e-16 -3.69288514e-09  7.41424820e-01 -2.29654330e-08 
 2.75422870e+01 -1.68570434e-16 -3.77890349e-09  7.41424820e-01 -2.35003667e-08 
 2.81838293e+01 -1.76514914e-16 -3.86692546e-09  7.41424820e-01 -2.40477605e-08 
 2.88403150e+01 -1.84833805e-16 -3.95699772e-09  7.41424820e-01 -2.46079048e-08 
 2.95120923e+01 -1.93544754e-16 -4.04916804e-09  7.41424820e-01 -2.51810966e-08 
 3.01995172e+01 -2.02666237e-16 -4.14348528e-09  7.41424820e-01 -2.57676397e-08 
 3.09029543e+01 -2.12217603e-16 -4.23999945e-09  7.41424820e-01 -2.63678451e-08 
 3.16227766e+01 -2.22219110e-16 -4.33876173e-09  7.41424820e-01 -2.69820311e-08 
 3.23593657e+01 -2.32691974e-16 -4.43982447e-09  7.41424820e-01 -2.76105233e-08 
 3.31131121e+01 -2.43658409e-16 -4.54324127e-09  7.41424820e-01 -2.82536551e-08 
 3.38844156e+01 -2.55141676e-16 -4.64906695e-09  7.41424820e-01 -2.89117672e-08 
 3.46736850e+01 -2.67166133e-16 -4.75735763e-09  7.41424820e-01 -2.95852088e-08 
 3.54813389e+01 -2.79757285e-16 -4.86817073e-09  7.41424820e-01 -3.02743368e-08 
 3.63078055e+01 -2.92941840e-16 -4.98156499e-09  7.41424820e-01 -3.09795167e-08 
 3.71535229e+01 -3.06747763e-16 -5.09760054e-09  7.41424820e-01 -3.17011224e-08 
 3.80189396e+01 -3.21204340e-16 -5.21633891e-09  7.41424820e-01 -3.24395364e-08 
 3.89045145e+01 -3.36342234e-16 -5.33784306e-09  7.41424820e-01 -3.31951502e-08 
 3.98107171e+01 -3.52193555e-16 -5.46217739e-09  7.41424820e-01 -3.39683646e-08 
 4.07380278e+01 -3.68791926e-16 -5.58940785e-09  7.41424820e-01 -3.47595895e-08 
 4.16869383e+01 -3.86172554e-16 -5.71960188e-09  7.41424820e-01 -3.55692443e-08 
 4.26579519e+01 -4.04372306e-16 -5.85282853e-09  7.41424820e-01 -3.63977585e-08 
 4.36515832e+01 -4.23429786e-16 -5.98915842e-09  7.41424820e-01 -3.72455712e-08 
 4.46683592e+01 -4.43385417e-16 -6.12866384e-09  7.41424820e-01 -3.81131320e-08 
 4.57088190e+01 -4.64281528e-16 -6.27141876e-09  7.41424820e-01 -3.90009009e-08 
 4.67735141e+01 -4.86162442e-16 -6.41749886e-09  7.41424820e-01 -3.99093485e-08 
 4.78630092e+01 -5.09074572e-16 -6.56698162e-09  7.41424820e-01 -4.08389567e-08 
 4.89778819e+01 -5.33066517e-16 -6.71994627e-09  7.41424820e-01 -4.17902182e-08 
 5.01187234e+01 -5.58189168e-16 -6.87647392e-09  7.41424820e-01 -4.27636374e-08 
 5.12861384e+01 -5.84495813e-16 -7.03664758e-09  7.41424820e-01 -4.37597305e-08 
 5.24807460e+01 -6.12042252e-16 -7.20055216e-09  7.41424820e-01 -4.47790256e-08 
 5.37031796e+01 -6.40886915e-16 -7.36827456e-09  7.41424820e-01 -4.58220630e-08 
 5.49540874e+01 -6.71090985e-16 -7.53990372e-09  7.41424820e-01 -4.68893960e-08 
 5.62341325e+01 -7.02718529e-16 -7.71553064e-09  7.41424820e-01 -4.79815904e-08 
 5.75439937e+01 -7.35836633e-16 -7.89524844e-09  7.41424820e-01 -4.90992252e-08 
 5.88843655e+01 -7.70515545e-16 -8.07915240e-09  7.41424820e-01 -5.02428930e-08 
 6.02559586e+01 -8.06828824e-16 -8.26734004e-09  7.41424820e-01 -5.14132004e-08 
 6.16595002e+01 -8.44853495e-16 -8.45991112e-09  7.41424820e-01 -5.26107676e-08 
 6.30957344e+01 -8.84670213e-16 -8.65696777e-09  7.41424820e-01 -5.38362298e-08 
 6.45654229e+01 -9.26363436e-16 -8.85861445e-09  7.41424820e-01 -5.50902367e-08 
 6.60693448e+01 -9.70021599e-16 -9.06495809e-09  7.41424820e-01 -5.63734532e-08 
 6.76082975e+01 -1.01573731e-15 -9.27610809e-09  7.41424820e-01 -5.76865596e-08 
 6.91830971e+01 -1.06360753e-15 -9.49217640e-09  7.41424820e-01 -5.90302522e-08 
 7.07945784e+01 -1.11373381e-15 -9.71327759e-09  7.41424820e-01 -6.04052434e-08 
 7.24435960e+01 -1.16622247e-15 -9.93952889e-09  7.41424820e-01 -6.18122623e-08 
 7.41310241e+01 -1.22118484e-15 -1.01710503e-08  7.41424820e-01 -6.32520548e-08 
 7.58577575e+01 -1.27873751e-15 -1.04079645e-08  7.41424820e-01 -6.47253844e-08 
 7.76247117e+01 -1.33900255e-15 -1.06503971e-08  7.41424820e-01 -6.62330323e-08 
 7.94328235e+01 -1.40210780e-15 -1.08984767e-08  7.41424820e-01 -6.77757978e-08 
 8.12830516e+01 -1.46818710e-15 -1.11523348e-08  7.41424820e-01 -6.93544990e-08 
 8.31763771e+01 -1.53738063e-15 -1.14121061e-08  7.41424820e-01 -7.09699728e-08 
 8.51138038e+01 -1.60983515e-15 -1.16779282e-08  7.41424820e-01 -7.26230758e-08 
 8.70963590e+01 -1.68570434e-15 -1.19499421e-08  7.41424820e-01 -7.43146845e-08 
 8.91250938e+01 -1.76514914e-15 -1.22282920e-08  7.41424820e-01 -7.60456959e-08 
 9.12010839e+01 -1.84833805e-15 -1.25131255e-08  7.41424820e-01 -7.78170277e-08 
 9.33254301e+01 -1.93544754e-15 -1.28045936e-08  7.41424820e-01 -7.96296191e-08 
 9.54992586e+01 -2.02666237e-15 -1.31028509e-08  7.41424820e-01 -8.14844312e-08 
 9.77237221e+01 -2.12217603e-15 -1.34080555e-08  7.41424820e-01 -8.33824475e-08 
 1.00000000e+02 -2.22219110e-15 -1.37203693e-08  7.41424820e-01 -8.53246742e-08 
 1.02329299e+02 -2.32691974e-15 -1.40399577e-08  7.41424820e-01 -8.73121412e-08 
 1.04712855e+02 -2.43658409e-15 -1.43669904e-08  7.41424820e-01 -8.93459022e-08 
 1.07151931e+02 -2.55141676e-15 -1.47016406e-08  7.41424820e-01 -9.14270356e-08 
 1.09647820e+02 -2.67166133e-15 -1.50440858e-08  7.41424820e-01 -9.35566448e-08 
 1.12201845e+02 -2.79757285e-15 -1.53945075e-08  7.41424820e-01 -9.57358590e-08 
 1.14815362e+02 -2.92941840e-15 -1.57530917e-08  7.41424820e-01 -9.79658337e-08 
 1.17489755e+02 -3.06747763e-15 -1.61200283e-08  7.41424820e-01 -1.00247751e-07 
 1.20226443e+02 -3.21204340e-15 -1.64955120e-08  7.41424820e-01 -1.02582821e-07 
 1.23026877e+02 -3.36342234e-15 -1.68797419e-08  7.41424820e-01 -1.04972282e-07 
 1.25892541e+02 -3.52193555e-15 -1.72729215e-08  7.41424820e-01 -1.07417401e-07 
 1.28824955e+02 -3.68791926e-15 -1.76752596e-08  7.41424820e-01 -1.09919473e-07 
 1.31825674e+02 -3.86172554e-15 -1.80869693e-08  7.41424820e-01 -1.12479827e-07 
 1.34896288e+02 -4.04372306e-15 -1.85082689e-08  7.41424820e-01 -1.15099818e-07 
 1.38038426e+02 -4.23429786e-15 -1.89393819e-08  7.41424820e-01 -1.17780838e-07 
 1.41253754e+02 -4.43385417e-15 -1.93805367e-08  7.41424820e-01 -1.20524306e-07 
 1.44543977e+02 -4.64281528e-15 -1.98319674e-08  7.41424820e-01 -1.23331677e-07 
 1.47910839e+02 -4.86162442e-15 -2.02939133e-08  7.41424820e-01 -1.26204441e-07 
 1.51356125e+02 -5.09074572e-15 -2.07666193e-08  7.41424820e-01 -1.29144120e-07 
 1.54881662e+02 -5.33066517e-15 -2.12503360e-08  7.41424820e-01 -1.32152273e-07 
 1.58489319e+02 -5.58189168e-15 -2.17453199e-08  7.41424820e-01 -1.35230495e-07 
 1.62181010e+02 -5.84495813e-15 -2.22518334e-08  7.41424820e-01 -1.38380418e-07 
 1.65958691e+02 -6.12042252e-15 -2.27701452e-08  7.41424820e-01 -1.41603712e-07 
 1.69824365e+02 -6.40886915e-15 -2.33005300e-08  7.41424820e-01 -1.44902086e-07 
 1.73780083e+02 -6.71090985e-15 -2.38432691e-08  7.41424820e-01 -1.48277290e-07 
 1.77827941e+02 -7.02718529e-15 -2.43986502e-08  7.41424820e-01 -1.51731111e-07 
 1.81970086e+02 -7.35836633e-15 -2.49669678e-08  7.41424820e-01 -1.55265383e-07 
 1.86208714e+02 -7.70515545e-15 -2.55485231e-08  7.41424820e-01 -1.58881978e-07 
 1.90546072e+02 -8.06828824e-15 -2.61436247e-08  7.41424820e-01 -1.62582815e-07 
 1.94984460e+02 -8.44853495e-15 -2.67525880e-08  7.41424820e-01 -1.66369855e-07 
 1.99526231e+02 -8.84670213e-15 -2.73757358e-08  7.41424820e-01 -1.70245107e-07 
 2.04173794e+02 -9.26363436e-15 -2.80133986e-08  7.41424820e-01 -1.74210625e-07 
 2.08929613e+02 -9.70021599e-15 -2.86659145e-08  7.41424820e-01 -1.78268512e-07 
 2.13796209e+02 -1.01573731e-14 -2.93336294e-08  7.41424820e-01 -1.82420919e-07 
 2.18776162e+02 -1.06360753e-14 -3.00168974e-08  7.41424820e-01 -1.86670048e-07 
 2.23872114e+02 -1.11373381e-14 -3.07160807e-08  7.41424820e-01 -1.91018152e-07 
 2.29086765e+02 -1.16622247e-14 -3.14315502e-08  7.41424820e-01 -1.95467536e-07 
 2.34422882e+02 -1.22118484e-14 -3.21636850e-08  7.41424820e-01 -2.00020560e-07 
 2.39883292e+02 -1.27873751e-14 -3.29128735e-08  7.41424820e-01 -2.04679637e-07 
 2.45470892e+02 -1.33900255e-14 -3.36795128e-08  7.41424820e-01 -2.09447238e-07 
 2.51188643e+02 -1.40210780e-14 -3.44640094e-08  7.41424820e-01 -2.14325891e-07 
 2.57039578e+02 -1.46818710e-14 -3.52667793e-08  7.41424820e-01 -2.19318183e-07 
 2.63026799e+02 -1.53738063e-14 -3.60882482e-08  7.41424820e-01 -2.24426759e-07 
 2.69153480e+02 -1.60983515e-14 -3.69288514e-08  7.41424820e-01 -2.29654330e-07 
 2.75422870e+02 -1.68570434e-14 -3.77890349e-08  7.41424820e-01 -2.35003667e-07 
 2.81838293e+02 -1.76514914e-14 -3.86692546e-08  7.41424820e-01 -2.40477605e-07 
 2.88403150e+02 -1.84833805e-14 -3.95699772e-08  7.41424820e-01 -2.46079048e-07 
 2.95120923e+02 -1.93544754e-14 -4.04916804e-08  7.41424820e-01 -2.51810966e-07 
 3.01995172e+02 -2.02666237e-14 -4.14348528e-08  7.41424820e-01 -2.57676397e-07 
 3.09029543e+02 -2.12217603e-14 -4.23999945e-08  7.41424820e-01 -2.63678451e-07 
 3.16227766e+02 -2.22219110e-14 -4.33876173e-08  7.41424820e-01 -2.69820311e-07 
 3.23593657e+02 -2.32691974e-14 -4.43982447e-08  7.41424820e-01 -2.76105233e-07 
 3.31131121e+02 -2.43658409e-14 -4.54324127e-08  7.41424820e-01 -2.82536551e-07 
 3.38844156e+02 -2.55141676e-14 -4.64906695e-08  7.41424820e-01 -2.89117672e-07 
 3.46736850e+02 -2.67166133e-14 -4.75735763e-08  7.41424820e-01 -2.95852088e-07 
 3.54813389e+02 -2.79757285e-14 -4.86817073e-08  7.41424820e-01 -3.02743368e-07 
 3.63078055e+02 -2.92941840e-14 -4.98156499e-08  7.41424820e-01 -3.09795167e-07 
 3.71535229e+02 -3.06747763e-14 -5.09760054e-08  7.41424820e-01 -3.17011224e-07 
 3.80189396e+02 -3.21204340e-14 -5.21633891e-08  7.41424820e-01 -3.24395364e-07 
 3.89045145e+02 -3.36342234e-14 -5.33784306e-08  7.41424820e-01 -3.31951502e-07 
 3.98107171e+02 -3.52193555e-14 -5.46217739e-08  7.41424820e-01 -3.39683646e-07 
 4.07380278e+02 -3.68791926e-14 -5.58940785e-08  7.41424820e-01 -3.47595895e-07 
 4.16869383e+02 -3.86172554e-14 -5.71960188e-08  7.41424820e-01 -3.55692443e-07 
 4.26579519e+02 -4.04372306e-14 -5.85282853e-08  7.41424820e-01 -3.63977585e-07 
 4.36515832e+02 -4.23429786e-14 -5.98915842e-08  7.41424820e-01 -3.72455712e-07 
 4.46683592e+02 -4.43385417e-14 -6.12866384e-08  7.41424820e-01 -3.81131320e-07 
 4.57088190e+02 -4.64281528e-14 -6.27141876e-08  7.41424820e-01 -3.90009009e-07 
 4.67735141e+02 -4.86162442e-14 -6.41749886e-08  7.41424820e-01 -3.99093485e-07 
 4.78630092e+02 -5.09074572e-14 -6.56698162e-08  7.41424820e-01 -4.08389567e-07 
 4.89778819e+02 -5.33066517e-14 -6.71994627e-08  7.41424820e-01 -4.17902182e-07 
 5.01187234e+02 -5.58189168e-14 -6.87647392e-08  7.41424820e-01 -4.27636374e-07 
 5.12861384e+02 -5.84495813e-14 -7.03664758e-08  7.41424820e-01 -4.37597305e-07 
 5.24807460e+02 -6.12042252e-14 -7.20055216e-08  7.41424820e-01 -4.47790256e-07 
 5.37031796e+02 -6.40886915e-14 -7.36827456e-08  7.41424820e-01 -4.58220630e-07 
 5.49540874e+02 -6.71090985e-14 -7.53990372e-08  7.41424820e-01 -4.68893960e-07 
 5.62341325e+02 -7.02718529e-14 -7.71553064e-08  7.41424820e-01 -4.79815904e-07 
 5.75439937e+02 -7.35836633e-14 -7.89524844e-08  7.41424820e-01 -4.90992252e-07 
 5.88843655e+02 -7.70515545e-14 -8.07915240e-08  7.41424820e-01 -5.02428930e-07 
 6.02559586e+02 -8.06828824e-14 -8.26734004e-08  7.41424820e-01 -5.14132004e-07 
 6.16595002e+02 -8.44853495e-14 -8.45991112e-08  7.41424820e-01 -5.26107676e-07 
 6.30957344e+02 -8.84670213e-14 -8.65696777e-08  7.41424820e-01 -5.38362298e-07 
 6.45654229e+02 -9.26363436e-14 -8.85861445e-08  7.41424820e-01 -5.50902367e-07 
 6.60693448e+02 -9.70021599e-14 -9.06495809e-08  7.41424820e-01 -5.63734532e-07 
 6.76082975e+02 -1.01573731e-13 -9.27610809e-08  7.41424820e-01 -5.76865596e-07 
 6.91830971e+02 -1.06360753e-13 -9.49217640e-08  7.41424820e-01 -5.90302522e-07 
 7.07945784e+02 -1.11373381e-13 -9.71327759e-08  7.41424820e-01 -6.04052434e-07 
 7.24435960e+02 -1.16622247e-13 -9.93952889e-08  7.41424820e-01 -6.18122623e-07 
 7.41310241e+02 -1.22118484e-13 -1.01710503e-07  7.41424820e-01 -6.32520548e-07 
 7.58577575e+02 -1.27873751e-13 -1.04079645e-07  7.41424820e-01 -6.47253844e-07 
 7.76247117e+02 -1.33900255e-13 -1.06503971e-07  7.41424820e-01 -6.62330323e-07 
 7.94328235e+02 -1.40210780e-13 -1.08984767e-07  7.41424820e-01 -6.77757978e-07 
 8.12830516e+02 -1.46818710e-13 -1.11523348e-07  7.41424820e-01 -6.93544990e-07 
 8.31763771e+02 -1.53738063e-13 -1.14121061e-07  7.41424820e-01 -7.09699728e-07 
 8.51138038e+02 -1.60983515e-13 -1.16779282e-07  7.41424820e-01 -7.26230758e-07 
 8.70963590e+02 -1.68570434e-13 -1.19499421e-07  7.41424820e-01 -7.43146845e-07 
 8.91250938e+02 -1.76514914e-13 -1.22282920e-07  7.41424820e-01 -7.60456959e-07 
 9.12010839e+02 -1.84833805e-13 -1.25131255e-07  7.41424820e-01 -7.78170277e-07 
 9.33254301e+02 -1.93544754e-13 -1.28045936e-07  7.41424820e-01 -7.96296191e-07 
 9.54992586e+02 -2.02666237e-13 -1.31028509e-07  7.41424820e-01 -8.14844312e-07 
 9.77237221e+02 -2.12217603e-13 -1.34080555e-07  7.41424820e-01 -8.33824475e-07 
 1.00000000e+03 -2.22219110e-13 -1.37203693e-07  7.41424820e-01 -8.53246742e-07 
 1.02329299e+03 -2.32691974e-13 -1.40399577e-07  7.41424820e-01 -8.73121412e-07 
 1.04712855e+03 -2.43658409e-13 -1.43669904e-07  7.41424820e-01 -8.93459022e-07 
 1.07151931e+03 -2.55141676e-13 -1.47016406e-07  7.41424820e-01 -9.14270356e-07 
 1.09647820e+03 -2.67166133e-13 -1.50440858e-07  7.41424820e-01 -9.35566448e-07 
 1.12201845e+03 -2.79757285e-13 -1.53945075e-07  7.41424820e-01 -9.57358590e-07 
 1.14815362e+03 -2.92941840e-13 -1.57530917e-07  7.41424820e-01 -9.79658337e-07 
 1.17489755e+03 -3.06747763e-13 -1.61200283e-07  7.41424820e-01 -1.00247751e-06 
 1.20226443e+03 -3.21204340e-13 -1.64955120e-07  7.41424820e-01 -1.02582821e-06 
 1.23026877e+03 -3.36342234e-13 -1.68797419e-07  7.41424820e-01 -1.04972282e-06 
 1.25892541e+03 -3.52193555e-13 -1.72729215e-07  7.41424820e-01 -1.07417401e-06 
 1.28824955e+03 -3.68791926e-13 -1.76752596e-07  7.41424820e-01 -1.09919473e-06 
 1.31825674e+03 -3.86172554e-13 -1.80869693e-07  7.41424820e-01 -1.12479827e-06 
 1.34896288e+03 -4.04372306e-13 -1.85082689e-07  7.41424820e-01 -1.15099818e-06 
 1.38038426e+03 -4.23429786e-13 -1.89393819e-07  7.41424820e-01 -1.17780838e-06 
 1.41253754e+03 -4.43385417e-13 -1.93805367e-07  7.41424820e-01 -1.20524306e-06 
 1.44543977e+03 -4.64281528e-13 -1.98319674e-07  7.41424820e-01 -1.23331677e-06 
 1.47910839e+03 -4.86162442e-13 -2.02939133e-07  7.41424820e-01 -1.26204441e-06 
 1.51356125e+03 -5.09074572e-13 -2.07666193e-07  7.41424820e-01 -1.29144120e-06 
 1.54881662e+03 -5.33066517e-13 -2.12503360e-07  7.41424820e-01 -1.32152273e-06 
 1.58489319e+03 -5.58189168e-13 -2.17453199e-07  7.41424820e-01 -1.35230495e-06 
 1.62181010e+03 -5.84495813e-13 -2.22518334e-07  7.41424820e-01 -1.38380418e-06 
 1.65958691e+03 -6.12042252e-13 -2.27701452e-07  7.41424820e-01 -1.41603712e-06 
 1.69824365e+03 -6.40886915e-13 -2.33005300e-07  7.41424820e-01 -1.44902086e-06 
 1.73780083e+03 -6.71090985e-13 -2.38432691e-07  7.41424820e-01 -1.48277290e-06 
 1.77827941e+03 -7.02718529e-13 -2.43986502e-07  7.41424820e-01 -1.51731111e-06 
 1.81970086e+03 -7.35836633e-13 -2.49669678e-07  7.41424820e-01 -1.55265383e-06 
 1.86208714e+03 -7.70515545e-13 -2.55485231e-07  7.41424820e-01 -1.58881978e-06 
 1.90546072e+03 -8.06828824e-13 -2.61436247e-07  7.41424820e-01 -1.62582815e-06 
 1.94984460e+03 -8.44853495e-13 -2.67525880e-07  7.41424820e-01 -1.66369855e-06 
 1.99526231e+03 -8.84670213e-13 -2.73757358e-07  7.41424820e-01 -1.70245107e-06 
 2.04173794e+03 -9.26363436e-13 -2.80133986e-07  7.41424820e-01 -1.74210625e-06 
 2.08929613e+03 -9.70021599e-13 -2.86659145e-07  7.41424820e-01 -1.78268512e-06 
 2.13796209e+03 -1.01573731e-12 -2.93336294e-07  7.41424820e-01 -1.82420919e-06 
 2.18776162e+03 -1.06360753e-12 -3.00168974e-07  7.41424820e-01 -1.86670048e-06 
 2.23872114e+03 -1.11373381e-12 -3.07160807e-07  7.41424820e-01 -1.91018152e-06 
 2.29086765e+03 -1.16622247e-12 -3.14315502e-07  7.41424820e-01 -1.95467536e-06 
 2.34422882e+03 -1.22118484e-12 -3.21636850e-07  7.41424820e-01 -2.00020560e-06 
 2.39883292e+03 -1.27873751e-12 -3.29128735e-07  7.41424820e-01 -2.04679637e-06 
 2.45470892e+03 -1.33900255e-12 -3.36795128e-07  7.41424820e-01 -2.09447238e-06 
 2.51188643e+03 -1.40210780e-12 -3.44640094e-07  7.41424820e-01 -2.14325891e-06 
 2.57039578e+03 -1.46818710e-12 -3.52667793e-07  7.41424820e-01 -2.19318183e-06 
 2.63026799e+03 -1.53738063e-12 -3.60882482e-07  7.41424820e-01 -2.24426759e-06 
 2.69153480e+03 -1.60983515e-12 -3.69288514e-07  7.41424820e-01 -2.29654330e-06 
 2.75422870e+03 -1.68570434e-12 -3.77890349e-07  7.41424820e-01 -2.35003667e-06 
 2.81838293e+03 -1.76514914e-12 -3.86692546e-07  7.41424820e-01 -2.40477605e-06 
 2.88403150e+03 -1.84833805e-12 -3.95699772e-07  7.41424820e-01 -2.46079048e-06 
 2.95120923e+03 -1.93544754e-12 -4.04916804e-07  7.41424820e-01 -2.51810966e-06 
 3.01995172e+03 -2.02666237e-12 -4.14348528e-07  7.41424820e-01 -2.57676397e-06 
 3.09029543e+03 -2.12217603e-12 -4.23999945e-07  7.41424820e-01 -2.63678451e-06 
 3.16227766e+03 -2.22219110e-12 -4.33876173e-07  7.41424820e-01 -2.69820311e-06 
 3.23593657e+03 -2.32691974e-12 -4.43982447e-07  7.41424820e-01 -2.76105233e-06 
 3.31131121e+03 -2.43658409e-12 -4.54324127e-07  7.41424820e-01 -2.82536551e-06 
 3.38844156e+03 -2.55141676e-12 -4.64906695e-07  7.41424820e-01 -2.89117672e-06 
 3.46736850e+03 -2.67166133e-12 -4.75735763e-07  7.41424820e-01 -2.95852088e-06 
 3.54813389e+03 -2.79757285e-12 -4.86817073e-07  7.41424820e-01 -3.02743368e-06 
 3.63078055e+03 -2.92941840e-12 -4.98156499e-07  7.41424820e-01 -3.09795167e-06 
 3.71535229e+03 -3.06747763e-12 -5.09760054e-07  7.41424820e-01 -3.17011224e-06 
 3.80189396e+03 -3.21204340e-12 -5.21633891e-07  7.41424820e-01 -3.24395364e-06 
 3.89045145e+03 -3.36342234e-12 -5.33784306e-07  7.41424820e-01 -3.31951502e-06 
 3.98107171e+03 -3.52193555e-12 -5.46217739e-07  7.41424820e-01 -3.39683646e-06 
 4.07380278e+03 -3.68791926e-12 -5.58940785e-07  7.41424820e-01 -3.47595895e-06 
 4.16869383e+03 -3.86172554e-12 -5.71960188e-07  7.41424820e-01 -3.55692443e-06 
 4.26579519e+03 -4.04372306e-12 -5.85282853e-07  7.41424820e-01 -3.63977585e-06 
 4.36515832e+03 -4.23429786e-12 -5.98915842e-07  7.41424820e-01 -3.72455712e-06 
 4.46683592e+03 -4.43385417e-12 -6.12866384e-07  7.41424820e-01 -3.81131320e-06 
 4.57088190e+03 -4.64281528e-12 -6.27141876e-07  7.41424820e-01 -3.90009008e-06 
 4.67735141e+03 -4.86162442e-12 -6.41749886e-07  7.41424820e-01 -3.99093485e-06 
 4.78630092e+03 -5.09074572e-12 -6.56698162e-07  7.41424820e-01 -4.08389567e-06 
 4.89778819e+03 -5.33066517e-12 -6.71994627e-07  7.41424820e-01 -4.17902182e-06 
 5.01187234e+03 -5.58189168e-12 -6.87647392e-07  7.41424820e-01 -4.27636374e-06 
 5.12861384e+03 -5.84495813e-12 -7.03664758e-07  7.41424820e-01 -4.37597305e-06 
 5.24807460e+03 -6.12042252e-12 -7.20055216e-07  7.41424820e-01 -4.47790255e-06 
 5.37031796e+03 -6.40886915e-12 -7.36827456e-07  7.41424820e-01 -4.58220630e-06 
 5.49540874e+03 -6.71090985e-12 -7.53990372e-07  7.41424820e-01 -4.68893960e-06 
 5.62341325e+03 -7.02718529e-12 -7.71553064e-07  7.41424820e-01 -4.79815903e-06 
 5.75439937e+03 -7.35836633e-12 -7.89524844e-07  7.41424820e-01 -4.90992252e-06 
 5.88843655e+03 -7.70515545e-12 -8.07915240e-07  7.41424820e-01 -5.02428930e-06 
 6.02559586e+03 -8.06828823e-12 -8.26734003e-07  7.41424820e-01 -5.14132004e-06 
 6.16595002e+03 -8.44853494e-12 -8.45991112e-07  7.41424820e-01 -5.26107676e-06 
 6.30957344e+03 -8.84670213e-12 -8.65696777e-07  7.41424820e-01 -5.38362298e-06 
 6.45654229e+03 -9.26363436e-12 -8.85861445e-07  7.41424820e-01 -5.50902367e-06 
 6.60693448e+03 -9.70021599e-12 -9.06495809e-07  7.41424820e-01 -5.63734532e-06 
 6.76082975e+03 -1.01573731e-11 -9.27610809e-07  7.41424820e-01 -5.76865596e-06 
 6.91830971e+03 -1.06360753e-11 -9.49217640e-07  7.41424820e-01 -5.90302522e-06 
 7.07945784e+03 -1.11373381e-11 -9.71327759e-07  7.41424820e-01 -6.04052434e-06 
 7.24435960e+03 -1.16622247e-11 -9.93952889e-07  7.41424820e-01 -6.18122622e-06 
 7.41310241e+03 -1.22118484e-11 -1.01710503e-06  7.41424820e-01 -6.32520548e-06 
 7.58577575e+03 -1.27873751e-11 -1.04079645e-06  7.41424820e-01 -6.47253844e-06 
 7.76247117e+03 -1.33900255e-11 -1.06503971e-06  7.41424820e-01 -6.62330323e-06 
 7.94328235e+03 -1.40210780e-11 -1.08984767e-06  7.41424820e-01 -6.77757978e-06 
 8.12830516e+03 -1.46818710e-11 -1.11523348e-06  7.41424820e-01 -6.93544989e-06 
 8.31763771e+03 -1.53738063e-11 -1.14121061e-06  7.41424820e-01 -7.09699728e-06 
 8.51138038e+03 -1.60983515e-11 -1.16779282e-06  7.41424820e-01 -7.26230758e-06 
 8.70963590e+03 -1.68570434e-11 -1.19499421e-06  7.41424820e-01 -7.43146845e-06 
 8.91250938e+03 -1.76514914e-11 -1.22282920e-06  7.41424820e-01 -7.60456959e-06 
 9.12010839e+03 -1.84833805e-11 -1.25131255e-06  7.41424820e-01 -7.78170277e-06 
 9.33254301e+03 -1.93544754e-11 -1.28045936e-06  7.41424820e-01 -7.96296191e-06 
 9.54992586e+03 -2.02666237e-11 -1.31028509e-06  7.41424820e-01 -8.14844312e-06 
 9.77237221e+03 -2.12217603e-11 -1.34080555e-06  7.41424820e-01 -8.33824475e-06 
 1.00000000e+04 -2.22219110e-11 -1.37203693e-06  7.41424820e-01 -8.53246742e-06 
 1.02329299e+04 -2.32691974e-11 -1.40399577e-06  7.41424820e-01 -8.73121411e-06 
 1.04712855e+04 -2.43658409e-11 -1.43669904e-06  7.41424820e-01 -8.93459022e-06 
 1.07151931e+04 -2.55141676e-11 -1.47016406e-06  7.41424820e-01 -9.14270356e-06 
 1.09647820e+04 -2.67166133e-11 -1.50440858e-06  7.41424820e-01 -9.35566448e-06 
 1.12201845e+04 -2.79757285e-11 -1.53945075e-06  7.41424820e-01 -9.57358590e-06 
 1.14815362e+04 -2.92941840e-11 -1.57530917e-06  7.41424820e-01 -9.79658336e-06 
 1.17489755e+04 -3.06747763e-11 -1.61200283e-06  7.41424820e-01 -1.00247751e-05 
 1.20226443e+04 -3.21204340e-11 -1.64955120e-06  7.41424820e-01 -1.02582821e-05 
 1.23026877e+04 -3.36342234e-11 -1.68797418e-06  7.41424820e-01 -1.04972282e-05 
 1.25892541e+04 -3.52193555e-11 -1.72729215e-06  7.41424820e-01 -1.07417401e-05 
 1.28824955e+04 -3.68791926e-11 -1.76752596e-06  7.41424820e-01 -1.09919473e-05 
 1.31825674e+04 -3.86172554e-11 -1.80869693e-06  7.41424820e-01 -1.12479827e-05 
 1.34896288e+04 -4.04372306e-11 -1.85082689e-06  7.41424820e-01 -1.15099818e-05 
 1.38038426e+04 -4.23429786e-11 -1.89393819e-06  7.41424820e-01 -1.17780838e-05 
 1.41253754e+04 -4.43385417e-11 -1.93805367e-06  7.41424820e-01 -1.20524306e-05 
 1.44543977e+04 -4.64281527e-11 -1.98319674e-06  7.41424820e-01 -1.23331677e-05 
 1.47910839e+04 -4.86162442e-11 -2.02939133e-06  7.41424820e-01 -1.26204441e-05 
 1.51356125e+04 -5.09074572e-11 -2.07666192e-06  7.41424820e-01 -1.29144120e-05 
 1.54881662e+04 -5.33066517e-11 -2.12503359e-06  7.41424820e-01 -1.32152273e-05 
 1.58489319e+04 -5.58189168e-11 -2.17453199e-06  7.41424820e-01 -1.35230495e-05 
 1.62181010e+04 -5.84495813e-11 -2.22518334e-06  7.41424820e-01 -1.38380418e-05 
 1.65958691e+04 -6.12042252e-11 -2.27701452e-06  7.41424820e-01 -1.41603712e-05 
 1.69824365e+04 -6.40886915e-11 -2.33005300e-06  7.41424820e-01 -1.44902086e-05 
 1.73780083e+04 -6.71090984e-11 -2.38432691e-06  7.41424820e-01 -1.48277289e-05 
 1.77827941e+04 -7.02718528e-11 -2.43986502e-06  7.41424820e-01 -1.51731111e-05 
 1.81970086e+04 -7.35836632e-11 -2.49669677e-06  7.41424820e-01 -1.55265383e-05 
 1.86208714e+04 -7.70515544e-11 -2.55485231e-06  7.41424820e-01 -1.58881978e-05 
 1.90546072e+04 -8.06828823e-11 -2.61436247e-06  7.41424820e-01 -1.62582815e-05 
 1.94984460e+04 -8.44853494e-11 -2.67525879e-06  7.41424820e-01 -1.66369855e-05 
 1.99526231e+04 -8.84670212e-11 -2.73757357e-06  7.41424820e-01 -1.70245107e-05 
 2.04173794e+04 -9.26363435e-11 -2.80133985e-06  7.41424820e-01 -1.74210625e-05 
 2.08929613e+04 -9.70021598e-11 -2.86659144e-06  7.41424820e-01 -1.78268511e-05 
 2.13796209e+04 -1.01573731e-10 -2.93336293e-06  7.41424819e-01 -1.82420918e-05 
 2.18776162e+04 -1.06360753e-10 -3.00168973e-06  7.41424819e-01 -1.86670047e-05 
 2.23872114e+04 -1.11373381e-10 -3.07160807e-06  7.41424819e-01 -1.91018151e-05 
 2.29086765e+04 -1.16622247e-10 -3.14315501e-06  7.41424819e-01 -1.95467536e-05 
 2.34422882e+04 -1.22118484e-10 -3.21636850e-06  7.41424819e-01 -2.00020560e-05 
 2.39883292e+04 -1.27873751e-10 -3.29128734e-06  7.41424819e-01 -2.04679637e-05 
 2.45470892e+04 -1.33900255e-10 -3.36795127e-06  7.41424819e-01 -2.09447238e-05 
 2.51188643e+04 -1.40210780e-10 -3.44640094e-06  7.41424819e-01 -2.14325891e-05 
 2.57039578e+04 -1.46818710e-10 -3.52667793e-06  7.41424819e-01 -2.19318182e-05 
 2.63026799e+04 -1.53738063e-10 -3.60882481e-06  7.41424819e-01 -2.24426759e-05 
 2.69153480e+04 -1.60983514e-10 -3.69288514e-06  7.41424819e-01 -2.29654330e-05 
 2.75422870e+04 -1.68570434e-10 -3.77890348e-06  7.41424819e-01 -2.35003666e-05 
 2.81838293e+04 -1.76514913e-10 -3.86692545e-06  7.41424819e-01 -2.40477605e-05 
 2.88403150e+04 -1.84833805e-10 -3.95699772e-06  7.41424819e-01 -2.46079048e-05 
 2.95120923e+04 -1.93544754e-10 -4.04916803e-06  7.41424819e-01 -2.51810965e-05 
 3.01995172e+04 -2.02666237e-10 -4.14348527e-06  7.41424819e-01 -2.57676396e-05 
 3.09029543e+04 -2.12217602e-10 -4.23999944e-06  7.41424819e-01 -2.63678450e-05 
 3.16227766e+04 -2.22219110e-10 -4.33876172e-06  7.41424819e-01 -2.69820310e-05 
 3.23593657e+04 -2.32691974e-10 -4.43982446e-06  7.41424819e-01 -2.76105233e-05 
 3.31131121e+04 -2.43658409e-10 -4.54324125e-06  7.41424819e-01 -2.82536550e-05 
 3.38844156e+04 -2.55141676e-10 -4.64906694e-06  7.41424818e-01 -2.89117671e-05 
 3.46736850e+04 -2.67166132e-10 -4.75735762e-06  7.41424818e-01 -2.95852087e-05 
 3.54813389e+04 -2.79757284e-10 -4.86817071e-06  7.41424818e-01 -3.02743367e-05 
 3.63078055e+04 -2.92941839e-10 -4.98156497e-06  7.41424818e-01 -3.09795166e-05 
 3.71535229e+04 -3.06747762e-10 -5.09760053e-06  7.41424818e-01 -3.17011222e-05 
 3.80189396e+04 -3.21204339e-10 -5.21633889e-06  7.41424818e-01 -3.24395362e-05 
 3.89045145e+04 -3.36342233e-10 -5.33784304e-06  7.41424818e-01 -3.31951501e-05 
 3.98107171e+04 -3.52193554e-10 -5.46217737e-06  7.41424818e-01 -3.39683645e-05 
 4.07380278e+04 -3.68791925e-10 -5.58940783e-06  7.41424818e-01 -3.47595893e-05 
 4.16869383e+04 -3.86172553e-10 -5.71960186e-06  7.41424818e-01 -3.55692441e-05 
 4.26579519e+04 -4.04372304e-10 -5.85282850e-06  7.41424817e-01 -3.63977583e-05 
 4.36515832e+04 -4.23429784e-10 -5.98915839e-06  7.41424817e-01 -3.72455710e-05 
 4.46683592e+04 -4.43385414e-10 -6.12866380e-06  7.41424817e-01 -3.81131317e-05 
 4.57088190e+04 -4.64281525e-10 -6.27141872e-06  7.41424817e-01 -3.90009006e-05 
 4.67735141e+04 -4.86162439e-10 -6.41749883e-06  7.41424817e-01 -3.99093483e-05 
 4.78630092e+04 -5.09074569e-10 -6.56698158e-06  7.41424817e-01 -4.08389564e-05 
 4.89778819e+04 -5.33066514e-10 -6.71994623e-06  7.41424817e-01 -4.17902179e-05 
 5.01187234e+04 -5.58189165e-10 -6.87647388e-06  7.41424816e-01 -4.27636371e-05 
 5.12861384e+04 -5.84495809e-10 -7.03664753e-06  7.41424816e-01 -4.37597302e-05 
 5.24807460e+04 -6.12042248e-10 -7.20055210e-06  7.41424816e-01 -4.47790252e-05 
 5.37031796e+04 -6.40886910e-10 -7.36827451e-06  7.41424816e-01 -4.58220627e-05 
 5.49540874e+04 -6.71090980e-10 -7.53990367e-06  7.41424816e-01 -4.68893956e-05 
 5.62341325e+04 -7.02718523e-10 -7.71553058e-06  7.41424815e-01 -4.79815899e-05 
 5.75439937e+04 -7.35836626e-10 -7.89524837e-06  7.41424815e-01 -4.90992247e-05 
 5.88843655e+04 -7.70515538e-10 -8.07915233e-06  7.41424815e-01 -5.02428925e-05 
 6.02559586e+04 -8.06828816e-10 -8.26733996e-06  7.41424815e-01 -5.14131998e-05 
 6.16595002e+04 -8.44853486e-10 -8.45991104e-06  7.41424815e-01 -5.26107671e-05 
 6.30957344e+04 -8.84670204e-10 -8.65696768e-06  7.41424814e-01 -5.38362292e-05 
 6.45654229e+04 -9.26363426e-10 -8.85861435e-06  7.41424814e-01 -5.50902361e-05 
 6.60693448e+04 -9.70021588e-10 -9.06495799e-06  7.41424814e-01 -5.63734525e-05 
 6.76082975e+04 -1.01573730e-09 -9.27610798e-06  7.41424813e-01 -5.76865589e-05 
 6.91830971e+04 -1.06360752e-09 -9.49217628e-06  7.41424813e-01 -5.90302514e-05 
 7.07945784e+04 -1.11373380e-09 -9.71327747e-06  7.41424813e-01 -6.04052425e-05 
 7.24435960e+04 -1.16622245e-09 -9.93952876e-06  7.41424812e-01 -6.18122614e-05 
 7.41310241e+04 -1.22118482e-09 -1.01710501e-05  7.41424812e-01 -6.32520538e-05 
 7.58577575e+04 -1.27873749e-09 -1.04079643e-05  7.41424812e-01 -6.47253834e-05 
 7.76247117e+04 -1.33900253e-09 -1.06503969e-05  7.41424811e-01 -6.62330312e-05 
 7.94328235e+04 -1.40210778e-09 -1.08984765e-05  7.41424811e-01 -6.77757966e-05 
 8.12830516e+04 -1.46818708e-09 -1.11523347e-05  7.41424810e-01 -6.93544977e-05 
 8.31763771e+04 -1.53738060e-09 -1.14121059e-05  7.41424810e-01 -7.09699714e-05 
 8.51138038e+04 -1.60983512e-09 -1.16779280e-05  7.41424809e-01 -7.26230743e-05 
 8.70963590e+04 -1.68570431e-09 -1.19499418e-05  7.41424809e-01 -7.43146830e-05 
 8.91250938e+04 -1.76514910e-09 -1.22282917e-05  7.41424808e-01 -7.60456942e-05 
 9.12010839e+04 -1.84833801e-09 -1.25131252e-05  7.41424808e-01 -7.78170259e-05 
 9.33254301e+04 -1.93544750e-09 -1.28045934e-05  7.41424807e-01 -7.96296172e-05 
 9.54992586e+04 -2.02666233e-09 -1.31028506e-05  7.41424807e-01 -8.14844292e-05 
 9.77237221e+04 -2.12217598e-09 -1.34080552e-05  7.41424806e-01 -8.33824452e-05 
 1.00000000e+05 -2.22219105e-09 -1.37203689e-05  7.41424805e-01 -8.53246718e-05 
 1.02329299e+05 -2.32691968e-09 -1.40399574e-05  7.41424805e-01 -8.73121386e-05 
 1.04712855e+05 -2.43658402e-09 -1.43669900e-05  7.41424804e-01 -8.93458994e-05 
 1.07151931e+05 -2.55141669e-09 -1.47016401e-05  7.41424803e-01 -9.14270327e-05 
 1.09647820e+05 -2.67166125e-09 -1.50440853e-05  7.41424802e-01 -9.35566417e-05 
 1.12201845e+05 -2.79757276e-09 -1.53945070e-05  7.41424801e-01 -9.57358557e-05 
 1.14815362e+05 -2.92941830e-09 -1.57530911e-05  7.41424801e-01 -9.79658301e-05 
 1.17489755e+05 -3.06747752e-09 -1.61200277e-05  7.41424800e-01 -1.00247747e-04 
 1.20226443e+05 -3.21204328e-09 -1.64955114e-05  7.41424799e-01 -1.02582817e-04 
 1.23026877e+05 -3.36342221e-09 -1.68797412e-05  7.41424798e-01 -1.04972278e-04 
 1.25892541e+05 -3.52193541e-09 -1.72729208e-05  7.41424797e-01 -1.07417396e-04 
 1.28824955e+05 -3.68791910e-09 -1.76752588e-05  7.41424796e-01 -1.09919468e-04 
 1.31825674e+05 -3.86172537e-09 -1.80869684e-05  7.41424794e-01 -1.12479821e-04 
 1.34896288e+05 -4.04372287e-09 -1.85082680e-05  7.41424793e-01 -1.15099813e-04 
 1.38038426e+05 -4.23429765e-09 -1.89393809e-05  7.41424792e-01 -1.17780831e-04 
 1.41253754e+05 -4.43385394e-09 -1.93805357e-05  7.41424791e-01 -1.20524299e-04 
 1.44543977e+05 -4.64281503e-09 -1.98319663e-05  7.41424789e-01 -1.23331670e-04 
 1.47910839e+05 -4.86162414e-09 -2.02939121e-05  7.41424788e-01 -1.26204434e-04 
 1.51356125e+05 -5.09074542e-09 -2.07666180e-05  7.41424786e-01 -1.29144112e-04 
 1.54881662e+05 -5.33066484e-09 -2.12503346e-05  7.41424785e-01 -1.32152265e-04 
 1.58489319e+05 -5.58189132e-09 -2.17453184e-05  7.41424783e-01 -1.35230486e-04 
 1.62181010e+05 -5.84495774e-09 -2.22518319e-05  7.41424781e-01 -1.38380408e-04 
 1.65958691e+05 -6.12042209e-09 -2.27701436e-05  7.41424779e-01 -1.41603701e-04 
 1.69824365e+05 -6.40886867e-09 -2.33005283e-05  7.41424777e-01 -1.44902075e-04 
 1.73780083e+05 -6.71090932e-09 -2.38432672e-05  7.41424775e-01 -1.48277277e-04 
 1.77827941e+05 -7.02718471e-09 -2.43986482e-05  7.41424773e-01 -1.51731098e-04 
 1.81970086e+05 -7.35836570e-09 -2.49669656e-05  7.41424771e-01 -1.55265368e-04 
 1.86208714e+05 -7.70515476e-09 -2.55485208e-05  7.41424769e-01 -1.58881963e-04 
 1.90546072e+05 -8.06828748e-09 -2.61436222e-05  7.41424766e-01 -1.62582798e-04 
 1.94984460e+05 -8.44853411e-09 -2.67525853e-05  7.41424764e-01 -1.66369837e-04 
 1.99526231e+05 -8.84670122e-09 -2.73757329e-05  7.41424761e-01 -1.70245088e-04 
 2.04173794e+05 -9.26363336e-09 -2.80133955e-05  7.41424758e-01 -1.74210605e-04 
 2.08929613e+05 -9.70021490e-09 -2.86659112e-05  7.41424755e-01 -1.78268490e-04 
 2.13796209e+05 -1.01573719e-08 -2.93336259e-05  7.41424752e-01 -1.82420895e-04 
 2.18776162e+05 -1.06360740e-08 -3.00168936e-05  7.41424749e-01 -1.86670023e-04 
 2.23872114e+05 -1.11373367e-08 -3.07160767e-05  7.41424746e-01 -1.91018125e-04 
 2.29086765e+05 -1.16622231e-08 -3.14315459e-05  7.41424742e-01 -1.95467507e-04 
 2.34422882e+05 -1.22118467e-08 -3.21636804e-05  7.41424739e-01 -2.00020529e-04 
 2.39883292e+05 -1.27873732e-08 -3.29128686e-05  7.41424735e-01 -2.04679604e-04 
 2.45470892e+05 -1.33900234e-08 -3.36795075e-05  7.41424731e-01 -2.09447203e-04 
 2.51188643e+05 -1.40210757e-08 -3.44640038e-05  7.41424727e-01 -2.14325854e-04 
 2.57039578e+05 -1.46818685e-08 -3.52667733e-05  7.41424722e-01 -2.19318142e-04 
 2.63026799e+05 -1.53738035e-08 -3.60882417e-05  7.41424718e-01 -2.24426716e-04 
 2.69153480e+05 -1.60983484e-08 -3.69288445e-05  7.41424713e-01 -2.29654284e-04 
 2.75422870e+05 -1.68570401e-08 -3.77890274e-05  7.41424708e-01 -2.35003617e-04 
 2.81838293e+05 -1.76514877e-08 -3.86692466e-05  7.41424702e-01 -2.40477552e-04 
 2.88403150e+05 -1.84833766e-08 -3.95699687e-05  7.41424697e-01 -2.46078991e-04 
 2.95120923e+05 -1.93544711e-08 -4.04916712e-05  7.41424691e-01 -2.51810904e-04 
 3.01995172e+05 -2.02666190e-08 -4.14348430e-05  7.41424685e-01 -2.57676331e-04 
 3.09029543e+05 -2.12217550e-08 -4.23999840e-05  7.41424679e-01 -2.63678380e-04 
 3.16227766e+05 -2.22219053e-08 -4.33876060e-05  7.41424672e-01 -2.69820236e-04 
 3.23593657e+05 -2.32691911e-08 -4.43982326e-05  7.41424665e-01 -2.76105153e-04 
 3.31131121e+05 -2.43658340e-08 -4.54323997e-05  7.41424658e-01 -2.82536464e-04 
 3.38844156e+05 -2.55141601e-08 -4.64906556e-05  7.41424650e-01 -2.89117579e-04 
 3.46736850e+05 -2.67166050e-08 -4.75735614e-05  7.41424642e-01 -2.95851988e-04 
 3.54813389e+05 -2.79757194e-08 -4.86816913e-05  7.41424633e-01 -3.02743262e-04 
 3.63078055e+05 -2.92941740e-08 -4.98156328e-05  7.41424625e-01 -3.09795053e-04 
 3.71535229e+05 -3.06747654e-08 -5.09759871e-05  7.41424615e-01 -3.17011101e-04 
 3.80189396e+05 -3.21204220e-08 -5.21633695e-05  7.41424606e-01 -3.24395232e-04 
 3.89045145e+05 -3.36342102e-08 -5.33784095e-05  7.41424596e-01 -3.31951362e-04 
 3.98107171e+05 -3.52193411e-08 -5.46217514e-05  7.41424585e-01 -3.39683496e-04 
 4.07380278e+05 -3.68791768e-08 -5.58940543e-05  7.41424574e-01 -3.47595733e-04 
 4.16869383e+05 -3.86172381e-08 -5.71959929e-05  7.41424562e-01 -3.55692270e-04 
 4.26579519e+05 -4.04372116e-08 -5.85282575e-05  7.41424550e-01 -3.63977399e-04 
 4.36515832e+05 -4.23429577e-08 -5.98915544e-05  7.41424538e-01 -3.72455513e-04 
 4.46683592e+05 -4.43385188e-08 -6.12866065e-05  7.41424524e-01 -3.81131107e-04 
 4.57088190e+05 -4.64281277e-08 -6.27141534e-05  7.41424510e-01 -3.90008781e-04 
 4.67735141e+05 -4.86162167e-08 -6.41749521e-05  7.41424496e-01 -3.99093241e-04 
 4.78630092e+05 -5.09074270e-08 -6.56697770e-05  7.41424480e-01 -4.08389305e-04 
 4.89778819e+05 -5.33066186e-08 -6.71994207e-05  7.41424464e-01 -4.17901901e-04 
 5.01187234e+05 -5.58188805e-08 -6.87646942e-05  7.41424448e-01 -4.27636074e-04 
 5.12861384e+05 -5.84495415e-08 -7.03664276e-05  7.41424430e-01 -4.37596983e-04 
 5.24807460e+05 -6.12041816e-08 -7.20054699e-05  7.41424412e-01 -4.47789910e-04 
 5.37031796e+05 -6.40886437e-08 -7.36826902e-05  7.41424392e-01 -4.58220261e-04 
 5.49540874e+05 -6.71090460e-08 -7.53989779e-05  7.41424372e-01 -4.68893564e-04 
 5.62341325e+05 -7.02717953e-08 -7.71552429e-05  7.41424351e-01 -4.79815479e-04 
 5.75439937e+05 -7.35836002e-08 -7.89524163e-05  7.41424329e-01 -4.90991797e-04 
 5.88843655e+05 -7.70514853e-08 -8.07914510e-05  7.41424306e-01 -5.02428443e-04 
 6.02559586e+05 -8.06828065e-08 -8.26733221e-05  7.41424282e-01 -5.14131481e-04 
 6.16595002e+05 -8.44852663e-08 -8.45990274e-05  7.41424256e-01 -5.26107117e-04 
 6.30957344e+05 -8.84669301e-08 -8.65695879e-05  7.41424230e-01 -5.38361699e-04 
 6.45654229e+05 -9.26362436e-08 -8.85860483e-05  7.41424202e-01 -5.50901725e-04 
 6.60693448e+05 -9.70020503e-08 -9.06494778e-05  7.41424173e-01 -5.63733843e-04 
 6.76082975e+05 -1.01573611e-07 -9.27609704e-05  7.41424142e-01 -5.76864858e-04 
 6.91830971e+05 -1.06360622e-07 -9.49216456e-05  7.41424110e-01 -5.90301731e-04 
 7.07945784e+05 -1.11373237e-07 -9.71326491e-05  7.41424077e-01 -6.04051587e-04 
 7.24435960e+05 -1.16622089e-07 -9.93951530e-05  7.41424042e-01 -6.18121715e-04 
 7.41310241e+05 -1.22118310e-07 -1.01710357e-04  7.41424005e-01 -6.32519576e-04 
 7.58577575e+05 -1.27873560e-07 -1.04079488e-04  7.41423967e-01 -6.47252802e-04 
 7.76247117e+05 -1.33900046e-07 -1.06503804e-04  7.41423927e-01 -6.62329207e-04 
 7.94328235e+05 -1.40210551e-07 -1.08984588e-04  7.41423885e-01 -6.77756782e-04 
 8.12830516e+05 -1.46818459e-07 -1.11523156e-04  7.41423840e-01 -6.93543708e-04 
 8.31763771e+05 -1.53737788e-07 -1.14120855e-04  7.41423794e-01 -7.09698354e-04 
 8.51138038e+05 -1.60983213e-07 -1.16779061e-04  7.41423746e-01 -7.26229286e-04 
 8.70963590e+05 -1.68570103e-07 -1.19499185e-04  7.41423695e-01 -7.43145268e-04 
 8.91250938e+05 -1.76514551e-07 -1.22282667e-04  7.41423642e-01 -7.60455269e-04 
 9.12010839e+05 -1.84833407e-07 -1.25130984e-04  7.41423587e-01 -7.78168466e-04 
 9.33254301e+05 -1.93544318e-07 -1.28045646e-04  7.41423529e-01 -7.96294251e-04 
 9.54992586e+05 -2.02665759e-07 -1.31028198e-04  7.41423468e-01 -8.14842233e-04 
 9.77237221e+05 -2.12217078e-07 -1.34080222e-04  7.41423404e-01 -8.33822247e-04 
 1.00000000e+06 -2.22218535e-07 -1.37203335e-04  7.41423337e-01 -8.53244355e-04 
 1.02329299e+06 -2.32691344e-07 -1.40399194e-04  7.41423267e-01 -8.73118854e-04 
 1.04712855e+06 -2.43657718e-07 -1.43669493e-04  7.41423194e-01 -8.93456281e-04 
 1.07151931e+06 -2.55140918e-07 -1.47015966e-04  7.41423118e-01 -9.14267419e-04 
 1.09647820e+06 -2.67165302e-07 -1.50440386e-04  7.41423037e-01 -9.35563301e-04 
 1.12201845e+06 -2.79756373e-07 -1.53944570e-04  7.41422953e-01 -9.57355218e-04 
 1.14815362e+06 -2.92940840e-07 -1.57530376e-04  7.41422865e-01 -9.79654723e-04 
 1.17489755e+06 -3.06746667e-07 -1.61199703e-04  7.41422773e-01 -1.00247364e-03 
 1.20226443e+06 -3.21203138e-07 -1.64954499e-04  7.41422677e-01 -1.02582406e-03 
 1.23026877e+06 -3.36340916e-07 -1.68796753e-04  7.41422576e-01 -1.04971838e-03 
 1.25892541e+06 -3.52192110e-07 -1.72728502e-04  7.41422470e-01 -1.07416924e-03 
 1.28824955e+06 -3.68790342e-07 -1.76751831e-04  7.41422359e-01 -1.09918963e-03 
 1.31825674e+06 -3.86170817e-07 -1.80868873e-04  7.41422243e-01 -1.12479280e-03 
 1.34896288e+06 -4.04370401e-07 -1.85081811e-04  7.41422122e-01 -1.15099232e-03 
 1.38038426e+06 -4.23427697e-07 -1.89392878e-04  7.41421995e-01 -1.17780210e-03 
 1.41253754e+06 -4.43383126e-07 -1.93804360e-04  7.41421861e-01 -1.20523633e-03 
 1.44543977e+06 -4.64279016e-07 -1.98318594e-04  7.41421722e-01 -1.23330957e-03 
 1.47910839e+06 -4.86159688e-07 -2.02937976e-04  7.41421576e-01 -1.26203669e-03 
 1.51356125e+06 -5.09071552e-07 -2.07664953e-04  7.41421423e-01 -1.29143293e-03 
 1.54881662e+06 -5.33063207e-07 -2.12502031e-04  7.41421263e-01 -1.32151386e-03 
 1.58489319e+06 -5.58185538e-07 -2.17451775e-04  7.41421095e-01 -1.35229545e-03 
 1.62181010e+06 -5.84491833e-07 -2.22516809e-04  7.41420920e-01 -1.38379400e-03 
 1.65958691e+06 -6.12037888e-07 -2.27699818e-04  7.41420736e-01 -1.41602621e-03 
 1.69824365e+06 -6.40882130e-07 -2.33003549e-04  7.41420543e-01 -1.44900917e-03 
 1.73780083e+06 -6.71085738e-07 -2.38430815e-04  7.41420342e-01 -1.48276037e-03 
 1.77827941e+06 -7.02712775e-07 -2.43984491e-04  7.41420131e-01 -1.51729769e-03 
 1.81970086e+06 -7.35830324e-07 -2.49667523e-04  7.41419910e-01 -1.55263944e-03 
 1.86208714e+06 -7.70508627e-07 -2.55482923e-04  7.41419678e-01 -1.58880437e-03 
 1.90546072e+06 -8.06821239e-07 -2.61433773e-04  7.41419436e-01 -1.62581163e-03 
 1.94984460e+06 -8.44845178e-07 -2.67523229e-04  7.41419182e-01 -1.66368086e-03 
 1.99526231e+06 -8.84661094e-07 -2.73754517e-04  7.41418917e-01 -1.70243211e-03 
 2.04173794e+06 -9.26353437e-07 -2.80130942e-04  7.41418638e-01 -1.74208593e-03 
 2.08929613e+06 -9.70010636e-07 -2.86655883e-04  7.41418347e-01 -1.78266335e-03 
 2.13796209e+06 -1.01572529e-06 -2.93332799e-04  7.41418042e-01 -1.82418586e-03 
 2.18776162e+06 -1.06359435e-06 -3.00165230e-04  7.41417723e-01 -1.86667548e-03 
 2.23872114e+06 -1.11371936e-06 -3.07156795e-04  7.41417388e-01 -1.91015473e-03 
 2.29086765e+06 -1.16620662e-06 -3.14311203e-04  7.41417038e-01 -1.95464666e-03 
 2.34422882e+06 -1.22116747e-06 -3.21632244e-04  7.41416671e-01 -2.00017485e-03 
 2.39883292e+06 -1.27871846e-06 -3.29123799e-04  7.41416287e-01 -2.04676342e-03 
 2.45470892e+06 -1.33898166e-06 -3.36789839e-04  7.41415885e-01 -2.09443708e-03 
 2.51188643e+06 -1.40208489e-06 -3.44634427e-04  7.41415464e-01 -2.14322108e-03 
 2.57039578e+06 -1.46816199e-06 -3.52661721e-04  7.41415023e-01 -2.19314129e-03 
 2.63026799e+06 -1.53735309e-06 -3.60875975e-04  7.41414561e-01 -2.24422416e-03 
 2.69153480e+06 -1.60980495e-06 -3.69281542e-04  7.41414078e-01 -2.29649676e-03 
 2.75422870e+06 -1.68567123e-06 -3.77882878e-04  7.41413571e-01 -2.34998679e-03 
 2.81838293e+06 -1.76511284e-06 -3.86684541e-04  7.41413041e-01 -2.40472261e-03 
 2.88403150e+06 -1.84829825e-06 -3.95691195e-04  7.41412486e-01 -2.46073322e-03 
 2.95120923e+06 -1.93540390e-06 -4.04907613e-04  7.41411905e-01 -2.51804830e-03 
 3.01995172e+06 -2.02661452e-06 -4.14338680e-04  7.41411296e-01 -2.57669822e-03 
 3.09029543e+06 -2.12212356e-06 -4.23989393e-04  7.41410659e-01 -2.63671406e-03 
 3.16227766e+06 -2.22213357e-06 -4.33864865e-04  7.41409992e-01 -2.69812762e-03 
 3.23593657e+06 -2.32685666e-06 -4.43970331e-04  7.41409293e-01 -2.76097145e-03 
 3.31131121e+06 -2.43651492e-06 -4.54311144e-04  7.41408561e-01 -2.82527883e-03 
 3.38844156e+06 -2.55134092e-06 -4.64892784e-04  7.41407795e-01 -2.89108385e-03 
 3.46736850e+06 -2.67157817e-06 -4.75720857e-04  7.41406992e-01 -2.95842137e-03 
 3.54813389e+06 -2.79748167e-06 -4.86801101e-04  7.41406152e-01 -3.02732705e-03 
 3.63078055e+06 -2.92931842e-06 -4.98139385e-04  7.41405272e-01 -3.09783742e-03 
 3.71535229e+06 -3.06736801e-06 -5.09741716e-04  7.41404351e-01 -3.16998981e-03 
 3.80189396e+06 -3.21192320e-06 -5.21614242e-04  7.41403387e-01 -3.24382246e-03 
 3.89045145e+06 -3.36329054e-06 -5.33763251e-04  7.41402377e-01 -3.31937446e-03 
 3.98107171e+06 -3.52179104e-06 -5.46195179e-04  7.41401319e-01 -3.39668585e-03 
 4.07380278e+06 -3.68776080e-06 -5.58916611e-04  7.41400211e-01 -3.47579756e-03 
 4.16869383e+06 -3.86155180e-06 -5.71934285e-04  7.41399052e-01 -3.55675150e-03 
 4.26579519e+06 -4.04353255e-06 -5.85255097e-04  7.41397837e-01 -3.63959055e-03 
 4.36515832e+06 -4.23408897e-06 -5.98886101e-04  7.41396566e-01 -3.72435857e-03 
 4.46683592e+06 -4.43362513e-06 -6.12834516e-04  7.41395234e-01 -3.81110045e-03 
 4.57088190e+06 -4.64256414e-06 -6.27107729e-04  7.41393840e-01 -3.89986212e-03 
 4.67735141e+06 -4.86134905e-06 -6.41713298e-04  7.41392380e-01 -3.99069059e-03 
 4.78630092e+06 -5.09044379e-06 -6.56658957e-04  7.41390851e-01 -4.08363393e-03 
 4.89778819e+06 -5.33033411e-06 -6.71952618e-04  7.41389250e-01 -4.17874136e-03 
 5.01187234e+06 -5.58152868e-06 -6.87602379e-04  7.41387574e-01 -4.27606323e-03 
 5.12861384e+06 -5.84456011e-06 -7.03616526e-04  7.41385819e-01 -4.37565105e-03 
 5.24807460e+06 -6.11998611e-06 -7.20003534e-04  7.41383981e-01 -4.47755752e-03 
 5.37031796e+06 -6.40839063e-06 -7.36772079e-04  7.41382056e-01 -4.58183660e-03 
 5.49540874e+06 -6.71038516e-06 -7.53931034e-04  7.41380041e-01 -4.68854346e-03 
 5.62341325e+06 -7.02660998e-06 -7.71489483e-04  7.41377931e-01 -4.79773456e-03 
 5.75439937e+06 -7.35773552e-06 -7.89456715e-04  7.41375721e-01 -4.90946768e-03 
 5.88843655e+06 -7.70446378e-06 -8.07842239e-04  7.41373407e-01 -5.02380194e-03 
 6.02559586e+06 -8.06752984e-06 -8.26655782e-04  7.41370985e-01 -5.14079782e-03 
 6.16595002e+06 -8.44770339e-06 -8.45907297e-04  7.41368448e-01 -5.26051720e-03 
 6.30957344e+06 -8.84579035e-06 -8.65606967e-04  7.41365791e-01 -5.38302341e-03 
 6.45654229e+06 -9.26263462e-06 -8.85765213e-04  7.41363010e-01 -5.50838122e-03 
 6.60693448e+06 -9.69911981e-06 -9.06392695e-04  7.41360097e-01 -5.63665692e-03 
 6.76082975e+06 -1.01561711e-05 -9.27500321e-04  7.41357047e-01 -5.76791833e-03 
 6.91830971e+06 -1.06347574e-05 -9.49099251e-04  7.41353853e-01 -5.90223484e-03 
 7.07945784e+06 -1.11358931e-05 -9.71200903e-04  7.41350509e-01 -6.03967744e-03 
 7.24435960e+06 -1.16606403e-05 -9.93816962e-04  7.41347007e-01 -6.18031876e-03 
 7.41310241e+06 -1.22101111e-05 -1.01695938e-03  7.41343341e-01 -6.32423312e-03 
 7.58577575e+06 -1.27854702e-05 -1.04064038e-03  7.41339501e-01 -6.47149655e-03 
 7.76247117e+06 -1.33879369e-05 -1.06487249e-03  7.41335481e-01 -6.62218683e-03 
 7.94328235e+06 -1.40187878e-05 -1.08966849e-03  7.41331271e-01 -6.77638354e-03 
 8.12830516e+06 -1.46793600e-05 -1.11504149e-03  7.41326863e-01 -6.93416811e-03 
 8.31763771e+06 -1.53710530e-05 -1.14100488e-03  7.41322247e-01 -7.09562383e-03 
 8.51138038e+06 -1.60953325e-05 -1.16757238e-03  7.41317414e-01 -7.26083592e-03 
 8.70963590e+06 -1.68537332e-05 -1.19475801e-03  7.41312353e-01 -7.42989155e-03 
 8.91250938e+06 -1.76478619e-05 -1.22257611e-03  7.41307054e-01 -7.60287993e-03 
 9.12010839e+06 -1.84794009e-05 -1.25104136e-03  7.41301505e-01 -7.77989228e-03 
 9.33254301e+06 -1.93501119e-05 -1.28016878e-03  7.41295695e-01 -7.96102196e-03 
 9.54992586e+06 -2.02618393e-05 -1.30997373e-03  7.41289611e-01 -8.14636445e-03 
 9.77237221e+06 -2.12165143e-05 -1.34047193e-03  7.41283240e-01 -8.33601743e-03 
 1.00000000e+07 -2.22161590e-05 -1.37167945e-03  7.41276569e-01 -8.53008083e-03 
 1.02329299e+07 -2.32628905e-05 -1.40361273e-03  7.41269584e-01 -8.72865688e-03 
 1.04712855e+07 -2.43589256e-05 -1.43628860e-03  7.41262270e-01 -8.93185012e-03 
 1.07151931e+07 -2.55065853e-05 -1.46972427e-03  7.41254612e-01 -9.13976753e-03 
 1.09647820e+07 -2.67082995e-05 -1.50393735e-03  7.41246593e-01 -9.35251852e-03 
 1.12201845e+07 -2.79666128e-05 -1.53894583e-03  7.41238196e-01 -9.57021499e-03 
 1.14815362e+07 -2.92841889e-05 -1.57476814e-03  7.41229403e-01 -9.79297142e-03 
 1.17489755e+07 -3.06638171e-05 -1.61142312e-03  7.41220197e-01 -1.00209049e-02 
 1.20226443e+07 -3.21084177e-05 -1.64893004e-03  7.41210557e-01 -1.02541352e-02 
 1.23026877e+07 -3.36210480e-05 -1.68730861e-03  7.41200463e-01 -1.04927848e-02 
 1.25892541e+07 -3.52049093e-05 -1.72657899e-03  7.41189894e-01 -1.07369789e-02 
 1.28824955e+07 -3.68633529e-05 -1.76676180e-03  7.41178827e-01 -1.09868458e-02 
 1.31825674e+07 -3.85998879e-05 -1.80787814e-03  7.41167239e-01 -1.12425164e-02 
 1.34896288e+07 -4.04181879e-05 -1.84994956e-03  7.41155105e-01 -1.15041247e-02 
 1.38038426e+07 -4.23220991e-05 -1.89299813e-03  7.41142400e-01 -1.17718079e-02 
 1.41253754e+07 -4.43156483e-05 -1.93704641e-03  7.41129097e-01 -1.20457060e-02 
 1.44543977e+07 -4.64030513e-05 -1.98211747e-03  7.41115167e-01 -1.23259624e-02 
 1.47910839e+07 -4.85887217e-05 -2.02823489e-03  7.41100582e-01 -1.26127237e-02 
 1.51356125e+07 -5.08772801e-05 -2.07542282e-03  7.41085310e-01 -1.29061396e-02 
 1.54881662e+07 -5.32735642e-05 -2.12370590e-03  7.41069320e-01 -1.32063635e-02 
 1.58489319e+07 -5.57826381e-05 -2.17310938e-03  7.41052576e-01 -1.35135521e-02 
 1.62181010e+07 -5.84098037e-05 -2.22365904e-03  7.41035045e-01 -1.38278654e-02 
 1.65958691e+07 -6.11606114e-05 -2.27538125e-03  7.41016688e-01 -1.41494674e-02 
 1.69824365e+07 -6.40408715e-05 -2.32830298e-03  7.40997468e-01 -1.44785253e-02 
 1.73780083e+07 -6.70566667e-05 -2.38245180e-03  7.40977343e-01 -1.48152105e-02 
 1.77827941e+07 -7.02143646e-05 -2.43785587e-03  7.40956272e-01 -1.51596979e-02 
 1.81970086e+07 -7.35206311e-05 -2.49454402e-03  7.40934209e-01 -1.55121663e-02 
 1.86208714e+07 -7.69824439e-05 -2.55254569e-03  7.40911107e-01 -1.58727986e-02 
 1.90546072e+07 -8.06071073e-05 -2.61189098e-03  7.40886920e-01 -1.62417816e-02 
 1.94984460e+07 -8.44022674e-05 -2.67261066e-03  7.40861594e-01 -1.66193063e-02 
 1.99526231e+07 -8.83759279e-05 -2.73473618e-03  7.40835078e-01 -1.70055680e-02 
 2.04173794e+07 -9.25364665e-05 -2.79829968e-03  7.40807314e-01 -1.74007660e-02 
 2.08929613e+07 -9.68926525e-05 -2.86333400e-03  7.40778244e-01 -1.78051042e-02 
 2.13796209e+07 -1.01453665e-04 -2.92987271e-03  7.40747808e-01 -1.82187908e-02 
 2.18776162e+07 -1.06229111e-04 -2.99795010e-03  7.40715941e-01 -1.86420386e-02 
 2.23872114e+07 -1.11229046e-04 -3.06760122e-03  7.40682576e-01 -1.90750650e-02 
 2.29086765e+07 -1.16463997e-04 -3.13886185e-03  7.40647643e-01 -1.95180921e-02 
 2.34422882e+07 -1.21944977e-04 -3.21176859e-03  7.40611068e-01 -1.99713466e-02 
 2.39883292e+07 -1.27683517e-04 -3.28635878e-03  7.40572774e-01 -2.04350602e-02 
 2.45470892e+07 -1.33691683e-04 -3.36267060e-03  7.40532681e-01 -2.09094695e-02 
 2.51188643e+07 -1.39982101e-04 -3.44074300e-03  7.40490704e-01 -2.13948162e-02 
 2.57039578e+07 -1.46567989e-04 -3.52061581e-03  7.40446756e-01 -2.18913470e-02 
 2.63026799e+07 -1.53463174e-04 -3.60232965e-03  7.40400743e-01 -2.23993137e-02 
 2.69153480e+07 -1.60682130e-04 -3.68592604e-03  7.40352570e-01 -2.29189734e-02 
 2.75422870e+07 -1.68240002e-04 -3.77144733e-03  7.40302136e-01 -2.34505887e-02 
 2.81838293e+07 -1.76152636e-04 -3.85893678e-03  7.40249334e-01 -2.39944274e-02 
 2.88403150e+07 -1.84436614e-04 -3.94843853e-03  7.40194054e-01 -2.45507629e-02 
 2.95120923e+07 -1.93109286e-04 -4.03999763e-03  7.40136181e-01 -2.51198741e-02 
 3.01995172e+07 -2.02188807e-04 -4.13366005e-03  7.40075592e-01 -2.57020455e-02 
 3.09029543e+07 -2.11694169e-04 -4.22947269e-03  7.40012162e-01 -2.62975675e-02 
 3.16227766e+07 -2.21645243e-04 -4.32748341e-03  7.39945757e-01 -2.69067361e-02 
 3.23593657e+07 -2.32062818e-04 -4.42774101e-03  7.39876240e-01 -2.75298531e-02 
 3.31131121e+07 -2.42968641e-04 -4.53029526e-03  7.39803464e-01 -2.81672264e-02 
 3.38844156e+07 -2.54385462e-04 -4.63519690e-03  7.39727278e-01 -2.88191696e-02 
 3.46736850e+07 -2.66337076e-04 -4.74249768e-03  7.39647524e-01 -2.94860025e-02 
 3.54813389e+07 -2.78848375e-04 -4.85225033e-03  7.39564035e-01 -3.01680509e-02 
 3.63078055e+07 -2.91945392e-04 -4.96450859e-03  7.39476637e-01 -3.08656467e-02 
 3.71535229e+07 -3.05655355e-04 -5.07932721e-03  7.39385149e-01 -3.15791280e-02 
 3.80189396e+07 -3.20006739e-04 -5.19676197e-03  7.39289381e-01 -3.23088390e-02 
 3.89045145e+07 -3.35029322e-04 -5.31686967e-03  7.39189134e-01 -3.30551301e-02 
 3.98107171e+07 -3.50754240e-04 -5.43970814e-03  7.39084200e-01 -3.38183579e-02 
 4.07380278e+07 -3.67214053e-04 -5.56533624e-03  7.38974362e-01 -3.45988853e-02 
 4.16869383e+07 -3.84442799e-04 -5.69381389e-03  7.38859393e-01 -3.53970814e-02 
 4.26579519e+07 -4.02476067e-04 -5.82520203e-03  7.38739056e-01 -3.62133215e-02 
 4.36515832e+07 -4.21351061e-04 -5.95956263e-03  7.38613101e-01 -3.70479871e-02 
 4.46683592e+07 -4.41106667e-04 -6.09695871e-03  7.38481271e-01 -3.79014658e-02 
 4.57088190e+07 -4.61783534e-04 -6.23745433e-03  7.38343292e-01 -3.87741514e-02 
 4.67735141e+07 -4.83424140e-04 -6.38111455e-03  7.38198882e-01 -3.96664437e-02 
 4.78630092e+07 -5.06072881e-04 -6.52800547e-03  7.38047746e-01 -4.05787486e-02 
 4.89778819e+07 -5.29776143e-04 -6.67819418e-03  7.37889572e-01 -4.15114776e-02 
 5.01187234e+07 -5.54582393e-04 -6.83174876e-03  7.37724038e-01 -4.24650484e-02 
 5.12861384e+07 -5.80542267e-04 -6.98873830e-03  7.37550805e-01 -4.34398840e-02 
 5.24807460e+07 -6.07708657e-04 -7.14923279e-03  7.37369522e-01 -4.44364130e-02 
 5.37031796e+07 -6.36136807e-04 -7.31330322e-03  7.37179819e-01 -4.54550696e-02 
 5.49540874e+07 -6.65884413e-04 -7.48102143e-03  7.36981311e-01 -4.64962927e-02 
 5.62341325e+07 -6.97011723e-04 -7.65246019e-03  7.36773596e-01 -4.75605265e-02 
 5.75439937e+07 -7.29581638e-04 -7.82769309e-03  7.36556255e-01 -4.86482198e-02 
 5.88843655e+07 -7.63659826e-04 -8.00679452e-03  7.36328849e-01 -4.97598256e-02 
 6.02559586e+07 -7.99314829e-04 -8.18983967e-03  7.36090921e-01 -5.08958012e-02 
 6.16595002e+07 -8.36618177e-04 -8.37690442e-03  7.35841994e-01 -5.20566077e-02 
 6.30957344e+07 -8.75644513e-04 -8.56806532e-03  7.35581569e-01 -5.32427094e-02 
 6.45654229e+07 -9.16471709e-04 -8.76339954e-03  7.35309127e-01 -5.44545737e-02 
 6.60693448e+07 -9.59180992e-04 -8.96298479e-03  7.35024125e-01 -5.56926706e-02 
 6.76082975e+07 -1.00385708e-03 -9.16689924e-03  7.34726000e-01 -5.69574719e-02 
 6.91830971e+07 -1.05058829e-03 -9.37522148e-03  7.34414160e-01 -5.82494510e-02 
 7.07945784e+07 -1.09946673e-03 -9.58803039e-03  7.34087993e-01 -5.95690822e-02 
 7.24435960e+07 -1.15058836e-03 -9.80540507e-03  7.33746856e-01 -6.09168400e-02 
 7.41310241e+07 -1.20405321e-03 -1.00274247e-02  7.33390083e-01 -6.22931983e-02 
 7.58577575e+07 -1.25996546e-03 -1.02541686e-02  7.33016979e-01 -6.36986300e-02 
 7.76247117e+07 -1.31843364e-03 -1.04857158e-02  7.32626820e-01 -6.51336057e-02 
 7.94328235e+07 -1.37957074e-03 -1.07221452e-02  7.32218850e-01 -6.65985932e-02 
 8.12830516e+07 -1.44349442e-03 -1.09635352e-02  7.31792287e-01 -6.80940563e-02 
 8.31763771e+07 -1.51032708e-03 -1.12099639e-02  7.31346311e-01 -6.96204537e-02 
 8.51138038e+07 -1.58019610e-03 -1.14615084e-02  7.30880075e-01 -7.11782383e-02 
 8.70963590e+07 -1.65323395e-03 -1.17182451e-02  7.30392693e-01 -7.27678554e-02 
 8.91250938e+07 -1.72957835e-03 -1.19802494e-02  7.29883248e-01 -7.43897418e-02 
 9.12010839e+07 -1.80937247e-03 -1.22475952e-02  7.29350782e-01 -7.60443245e-02 
 9.33254301e+07 -1.89276503e-03 -1.25203552e-02  7.28794305e-01 -7.77320186e-02 
 9.54992586e+07 -1.97991052e-03 -1.27986002e-02  7.28212785e-01 -7.94532267e-02 
 9.77237221e+07 -2.07096931e-03 -1.30823990e-02  7.27605152e-01 -8.12083361e-02 
 1.00000000e+08 -2.16610782e-03 -1.33718183e-02  7.26970297e-01 -8.29977180e-02 
 1.02329299e+08 -2.26549870e-03 -1.36669224e-02  7.26307066e-01 -8.48217247e-02 
 1.04712855e+08 -2.36932093e-03 -1.39677724e-02  7.25614265e-01 -8.66806882e-02 
 1.07151931e+08 -2.47776000e-03 -1.42744265e-02  7.24890658e-01 -8.85749179e-02 
 1.09647820e+08 -2.59100802e-03 -1.45869396e-02  7.24134961e-01 -9.05046978e-02 
 1.12201845e+08 -2.70926389e-03 -1.49053625e-02  7.23345849e-01 -9.24702848e-02 
 1.14815362e+08 -2.83273338e-03 -1.52297419e-02  7.22521948e-01 -9.44719054e-02 
 1.17489755e+08 -2.96162925e-03 -1.55601198e-02  7.21661838e-01 -9.65097536e-02 
 1.20226443e+08 -3.09617139e-03 -1.58965333e-02  7.20764052e-01 -9.85839875e-02 
 1.23026877e+08 -3.23658684e-03 -1.62390139e-02  7.19827076e-01 -1.00694727e-01 
 1.25892541e+08 -3.38310990e-03 -1.65875871e-02  7.18849346e-01 -1.02842049e-01 
 1.28824955e+08 -3.53598220e-03 -1.69422721e-02  7.17829251e-01 -1.05025985e-01 
 1.31825674e+08 -3.69545269e-03 -1.73030809e-02  7.16765129e-01 -1.07246521e-01 
 1.34896288e+08 -3.86177769e-03 -1.76700183e-02  7.15655269e-01 -1.09503586e-01 
 1.38038426e+08 -4.03522086e-03 -1.80430807e-02  7.14497914e-01 -1.11797054e-01 
 1.41253754e+08 -4.21605315e-03 -1.84222560e-02  7.13291255e-01 -1.14126741e-01 
 1.44543977e+08 -4.40455278e-03 -1.88075227e-02  7.12033436e-01 -1.16492396e-01 
 1.47910839e+08 -4.60100509e-03 -1.91988494e-02  7.10722553e-01 -1.18893700e-01 
 1.51356125e+08 -4.80570242e-03 -1.95961940e-02  7.09356657e-01 -1.21330261e-01 
 1.54881662e+08 -5.01894396e-03 -1.99995033e-02  7.07933751e-01 -1.23801607e-01 
 1.58489319e+08 -5.24103550e-03 -2.04087120e-02  7.06451795e-01 -1.26307186e-01 
 1.62181010e+08 -5.47228922e-03 -2.08237420e-02  7.04908707e-01 -1.28846357e-01 
 1.65958691e+08 -5.71302331e-03 -2.12445018e-02  7.03302364e-01 -1.31418386e-01 
 1.69824365e+08 -5.96356169e-03 -2.16708858e-02  7.01630606e-01 -1.34022442e-01 
 1.73780083e+08 -6.22423355e-03 -2.21027730e-02  6.99891235e-01 -1.36657589e-01 
 1.77827941e+08 -6.49537287e-03 -2.25400271e-02  6.98082026e-01 -1.39322785e-01 
 1.81970086e+08 -6.77731791e-03 -2.29824949e-02  6.96200721e-01 -1.42016873e-01 
 1.86208714e+08 -7.07041061e-03 -2.34300058e-02  6.94245039e-01 -1.44738576e-01 
 1.90546072e+08 -7.37499590e-03 -2.38823712e-02  6.92212681e-01 -1.47486494e-01 
 1.94984460e+08 -7.69142094e-03 -2.43393835e-02  6.90101331e-01 -1.50259097e-01 
 1.99526231e+08 -8.02003434e-03 -2.48008151e-02  6.87908663e-01 -1.53054718e-01 
 2.04173794e+08 -8.36118524e-03 -2.52664181e-02  6.85632349e-01 -1.55871550e-01 
 2.08929613e+08 -8.71522231e-03 -2.57359235e-02  6.83270065e-01 -1.58707643e-01 
 2.13796209e+08 -9.08249272e-03 -2.62090398e-02  6.80819496e-01 -1.61560894e-01 
 2.18776162e+08 -9.46334093e-03 -2.66854535e-02  6.78278343e-01 -1.64429047e-01 
 2.23872114e+08 -9.85810752e-03 -2.71648272e-02  6.75644338e-01 -1.67309683e-01 
 2.29086765e+08 -1.02671278e-02 -2.76468000e-02  6.72915244e-01 -1.70200225e-01 
 2.34422882e+08 -1.06907304e-02 -2.81309866e-02  6.70088871e-01 -1.73097926e-01 
 2.39883292e+08 -1.11292359e-02 -2.86169767e-02  6.67163082e-01 -1.75999870e-01 
 2.45470892e+08 -1.15829548e-02 -2.91043349e-02  6.64135808e-01 -1.78902967e-01 
 2.51188643e+08 -1.20521866e-02 -2.95926003e-02  6.61005053e-01 -1.81803956e-01 
 2.57039578e+08 -1.25372171e-02 -3.00812864e-02  6.57768913e-01 -1.84699398e-01 
 2.63026799e+08 -1.30383176e-02 -3.05698808e-02  6.54425581e-01 -1.87585679e-01 
 2.69153480e+08 -1.35557419e-02 -3.10578457e-02  6.50973367e-01 -1.90459007e-01 
 2.75422870e+08 -1.40897254e-02 -3.15446178e-02  6.47410705e-01 -1.93315419e-01 
 2.81838293e+08 -1.46404821e-02 -3.20296086e-02  6.43736169e-01 -1.96150778e-01 
 2.88403150e+08 -1.52082033e-02 -3.25122050e-02  6.39948489e-01 -1.98960777e-01 
 2.95120923e+08 -1.57930550e-02 -3.29917702e-02  6.36046560e-01 -2.01740946e-01 
 3.01995172e+08 -1.63951762e-02 -3.34676439e-02  6.32029462e-01 -2.04486654e-01 
 3.09029543e+08 -1.70146762e-02 -3.39391442e-02  6.27896469e-01 -2.07193119e-01 
 3.16227766e+08 -1.76516331e-02 -3.44055680e-02  6.23647067e-01 -2.09855415e-01 
 3.23593657e+08 -1.83060912e-02 -3.48661929e-02  6.19280965e-01 -2.12468478e-01 
 3.31131121e+08 -1.89780593e-02 -3.53202789e-02  6.14798113e-01 -2.15027122e-01 
 3.38844156e+08 -1.96675084e-02 -3.57670696e-02  6.10198710e-01 -2.17526049e-01 
 3.46736850e+08 -2.03743701e-02 -3.62057950e-02  6.05483221e-01 -2.19959861e-01 
 3.54813389e+08 -2.10985346e-02 -3.66356732e-02  6.00652386e-01 -2.22323075e-01 
 3.63078055e+08 -2.18398491e-02 -3.70559131e-02  5.95707232e-01 -2.24610141e-01 
 3.71535229e+08 -2.25981162e-02 -3.74657170e-02  5.90649087e-01 -2.26815458e-01 
 3.80189396e+08 -2.33730928e-02 -3.78642833e-02  5.85479583e-01 -2.28933395e-01 
 3.89045145e+08 -2.41644885e-02 -3.82508097e-02  5.80200666e-01 -2.30958306e-01 
 3.98107171e+08 -2.49719651e-02 -3.86244960e-02  5.74814605e-01 -2.32884557e-01 
 4.07380278e+08 -2.57951357e-02 -3.89845480e-02  5.69323992e-01 -2.34706541e-01 
 4.16869383e+08 -2.66335644e-02 -3.93301803e-02  5.63731748e-01 -2.36418710e-01 
 4.26579519e+08 -2.74867659e-02 -3.96606205e-02  5.58041124e-01 -2.38015589e-01 
 4.36515832e+08 -2.83542058e-02 -3.99751122e-02  5.52255700e-01 -2.39491806e-01 
 4.46683592e+08 -2.92353012e-02 -4.02729189e-02  5.46379379e-01 -2.40842115e-01 
 4.57088190e+08 -3.01294211e-02 -4.05533281e-02  5.40416385e-01 -2.42061420e-01 
 4.67735141e+08 -3.10358878e-02 -4.08156544e-02  5.34371258e-01 -2.43144799e-01 
 4.78630092e+08 -3.19539782e-02 -4.10592434e-02  5.28248838e-01 -2.44087530e-01 
 4.89778819e+08 -3.28829256e-02 -4.12834754e-02  5.22054258e-01 -2.44885114e-01 
 5.01187234e+08 -3.38219217e-02 -4.14877687e-02  5.15792930e-01 -2.45533296e-01 
 5.12861384e+08 -3.47701191e-02 -4.16715830e-02  5.09470527e-01 -2.46028089e-01 
 5.24807460e+08 -3.57266342e-02 -4.18344225e-02  5.03092965e-01 -2.46365798e-01 
 5.37031796e+08 -3.66905497e-02 -4.19758390e-02  4.96666385e-01 -2.46543030e-01 
 5.49540874e+08 -3.76609184e-02 -4.20954343e-02  4.90197128e-01 -2.46556723e-01 
 5.62341325e+08 -3.86367667e-02 -4.21928630e-02  4.83691716e-01 -2.46404154e-01 
 5.75439937e+08 -3.96170980e-02 -4.22678342e-02  4.77156819e-01 -2.46082955e-01 
 5.88843655e+08 -4.06008973e-02 -4.23201136e-02  4.70599237e-01 -2.45591128e-01 
 6.02559586e+08 -4.15871345e-02 -4.23495249e-02  4.64025867e-01 -2.44927050e-01 
 6.16595002e+08 -4.25747697e-02 -4.23559508e-02  4.57443675e-01 -2.44089481e-01 
 6.30957344e+08 -4.35627567e-02 -4.23393337e-02  4.50859671e-01 -2.43077572e-01 
 6.45654229e+08 -4.45500479e-02 -4.22996762e-02  4.44280872e-01 -2.41890862e-01 
 6.60693448e+08 -4.55355986e-02 -4.22370408e-02  4.37714282e-01 -2.40529280e-01 
 6.76082975e+08 -4.65183712e-02 -4.21515497e-02  4.31166852e-01 -2.38993142e-01 
 6.91830971e+08 -4.74973400e-02 -4.20433835e-02  4.24645461e-01 -2.37283144e-01 
 7.07945784e+08 -4.84714952e-02 -4.19127808e-02  4.18156881e-01 -2.35400354e-01 
 7.24435960e+08 -4.94398466e-02 -4.17600358e-02  4.11707753e-01 -2.33346201e-01 
 7.41310241e+08 -5.04014285e-02 -4.15854967e-02  4.05304559e-01 -2.31122463e-01 
 7.58577575e+08 -5.13553023e-02 -4.13895638e-02  3.98953599e-01 -2.28731251e-01 
 7.76247117e+08 -5.23005608e-02 -4.11726865e-02  3.92660967e-01 -2.26174992e-01 
 7.94328235e+08 -5.32363309e-02 -4.09353608e-02  3.86432528e-01 -2.23456410e-01 
 8.12830516e+08 -5.41617770e-02 -4.06781261e-02  3.80273903e-01 -2.20578508e-01 
 8.31763771e+08 -5.50761031e-02 -4.04015622e-02  3.74190446e-01 -2.17544540e-01 
 8.51138038e+08 -5.59785557e-02 -4.01062858e-02  3.68187234e-01 -2.14357996e-01 
 8.70963590e+08 -5.68684250e-02 -3.97929468e-02  3.62269048e-01 -2.11022572e-01 
 8.91250938e+08 -5.77450476e-02 -3.94622251e-02  3.56440368e-01 -2.07542148e-01 
 9.12010839e+08 -5.86078067e-02 -3.91148266e-02  3.50705361e-01 -2.03920764e-01 
 9.33254301e+08 -5.94561341e-02 -3.87514795e-02  3.45067874e-01 -2.00162592e-01 
 9.54992586e+08 -6.02895099e-02 -3.83729309e-02  3.39531431e-01 -1.96271916e-01 
 9.77237221e+08 -6.11074639e-02 -3.79799427e-02  3.34099231e-01 -1.92253100e-01 
 1.00000000e+09 -6.19095746e-02 -3.75732882e-02  3.28774147e-01 -1.88110570e-01 
